col_parc	period	plot	site	x	y	seeds	seedsp	euterpe	sloanea	virola	seedl	seedlsp	seedl_NI	seedlsurv	eut.seedl	slo.seedl	vir.seedl	nivel	pH_H2O	pH_KCl	pH_Cacl2	MO	P	Na	K	Ca	Mg	Al	H+Al	SB	T	Vpct	mpct	vcs	cs	ms	fs	vfs	sandpct	siltpct	claypct	natclay	dens_gcm3	phi_r	phi_s	alfa	m	n	S
1	D	C5	NB	202939.9	7322589.83	196	11	0	0	0	20	4	0	20	0	0	0	9	4	3.9	3.8	36.5	6.5	0.7	2.1	8	3	15.5	74	13.8	87.8	13.5	59.5	14.5	21	11.5	11	3.5	61.5	11.5	27	4	1.13	0.14	0.56	1.32	0.1	1.12	0.03
2	D	E5	NB	202975.38	7322563.59	2844	15	0	0	0	60	9	4	60	0	0	0	2	4.05	3.75	3.7	33.5	13.5	0.4	2.25	13.5	6	16	68	22.15	90.15	22.5	47.5	16	15	6.5	7	2	46.5	14.5	39	8	1.13	0.16	0.56	0.79	0.18	1.22	0.04
3	D	D7	NB	202988.62	7322591.57	648	12	0	0	0	148	10	6	140	4	0	0	3	3.9	3.8	3.8	35.5	5.5	0.9	2.4	7.5	6.5	13.5	63	17.25	80.25	21.5	44	18.5	18	9	7.5	2	55	7	38	17	1.13	0.18	0.54	0.98	0.18	1.21	0.04
4	D	F9	B	203039.31	7322586.55	940	6	4	0	0	76	7	9	48	0	0	0	3	4.15	3.9	3.95	43.5	14	1.6	5.85	39	18	7.5	66	64.45	130.45	44	17.5	13.5	12	7.5	7	1.5	41.5	15.5	43	14.5	1.13	0.17	0.56	0.68	0.2	1.26	0.05
5	D	F9	B	203039.68	7322587.43	2300	9	4	0	0	40	6	2	24	4	0	0	3	4.15	3.9	3.95	43.5	14	1.6	5.85	39	18	7.5	66	64.45	130.45	44	17.5	13.5	12	7.5	7	1.5	41.5	15.5	43	14.5	1.13	0.17	0.56	0.68	0.2	1.26	0.05
6	D	G10 	B	203073.27	7322574.23	12252	3	0	0	0	40	5	3	40	12	0	0	3	3.5	3.5	3.4	33	17	1.4	5.3	11	9	26	106	26.7	132.7	20	49	8	14	12	8	1	43	11	46	4	0.99	0.19	0.6	0.9	0.18	1.22	0.05
7	D	G10	B	203073.73	7322581.4	708	5	0	0	0	44	8	3	28	4	0	0	3	3.85	3.65	3.65	44.5	15	1.4	7.9	17	13.5	21.5	97.5	39.75	137.25	25.5	43	17.5	15	8	6	1.5	48	9.5	42.5	10.5	1.13	0.19	0.54	0.79	0.2	1.25	0.05
8	D	H11	B	203091.37	7322565.54	304	4	0	0	0	36	4	3	20	12	0	0	2	3.95	3.7	3.65	38.5	9.5	0.7	5.6	10	12.5	18.5	90	28.8	118.8	21.5	46	18.5	17	8	5	1	49.5	12.5	38	6	1.13	0.16	0.55	0.9	0.17	1.21	0.04
9	D	H12 	B	203049.6	7322671.27	352	3	0	0	0	8	2	0	4	0	0	0	2	3.8	3.65	3.6	42	10	0.8	2.95	5	7	24.5	88	15.7	103.7	14	64	21	14	6.5	5.5	2.5	49.5	12.5	38	8.5	1.13	0.16	0.55	0.95	0.17	1.21	0.04
10	D	H12	B	203120.01	7322571	792	4	0	0	0	24	4	2	12	4	0	0	2	3.9	3.8	3.7	42.5	5	0.6	2.55	3.5	3.5	14.5	97.5	10.15	107.65	9	60.5	17	13.5	7	5.5	1.5	44.5	14.5	41	2	1.13	0.16	0.56	0.8	0.19	1.24	0.04
11	D	F12	B	203107.46	7322612.99	292	6	0	0	0	48	4	6	28	8	0	0	2	3.7	3.75	3.6	35.5	11.5	0.8	2.8	5	4	26	75.5	12.6	88.1	14.5	68.5	18.5	16	6.5	5.5	2	48.5	10.5	41	3	1.13	0.18	0.55	0.83	0.19	1.24	0.05
12	D	G11	B	203097.39	7322586.28	516	5	0	0	0	36	7	2	32	0	0	0	3	3.95	3.7	3.65	38.5	9.5	0.7	5.6	10	12.5	18.5	90	28.8	118.8	21.5	46	18.5	17	8	5	1	49.5	12.5	38	6	1.13	0.16	0.55	0.9	0.17	1.21	0.04
13	D	G11 	B	203082.93	7322598.75	3216	10	0	0	0	32	3	3	20	0	0	0	3	3.8	3.65	3.65	34.5	10.5	0.8	2.4	12	6.5	21.5	85.5	21.7	107.2	18	55.5	16.5	12.5	7.5	6	1	43.5	12.5	44	5.5	1.13	0.18	0.55	0.7	0.21	1.27	0.05
14	D	F10	B	203059.93	7322596.32	1136	5	0	0	0	20	2	2	16	0	0	0	3	3.75	3.65	3.55	43.5	11.5	1.1	2.5	4.5	6	23.5	80	14.1	94.1	14	64.5	17	11	6	5	2	41	16	43	6	1.13	0.16	0.56	0.69	0.2	1.26	0.05
15	D	F10	B	203061.91	7322601.95	872	4	0	0	4	36	4	4	24	4	0	0	3	3.75	3.65	3.55	43.5	11.5	1.1	2.5	4.5	6	23.5	80	14.1	94.1	14	64.5	17	11	6	5	2	41	16	43	6	1.13	0.16	0.56	0.69	0.2	1.26	0.05
16	D	E12	B	203055.27	7322678.9	76	9	0	0	0	72	5	5	48	0	0	0	1	3.8	3.65	3.6	42	10	0.8	2.95	5	7	24.5	88	15.7	103.7	14	64	21	14	6.5	5.5	2.5	49.5	12.5	38	8.5	1.13	0.16	0.55	0.95	0.17	1.21	0.04
17	D	E14	B	203116.12	7322658.99	328	7	0	0	0	48	4	6	20	8	0	0	3	3.65	3.6	3.5	53.5	10	0.7	2.5	7.5	4.5	22	69	15.15	84.15	17	60.5	25	17.5	6.5	5.5	1.5	56	10	34	7	1.13	0.16	0.54	1.15	0.14	1.17	0.04
18	D	E15	B	203134.23	7322672.73	512	9	4	0	0	80	6	9	52	4	0	0	3	3.85	3.65	3.65	38	15	1	3.7	25	8.5	16	88	38.15	126.15	26	39.5	20.5	13.5	5.5	5.5	2	47	13.5	39.5	5	1.13	0.16	0.55	0.84	0.18	1.23	0.04
19	D	D14	B	203119.99	7322674.06	9444	9	0	0	0	48	5	4	36	12	0	0	2	3.85	3.65	3.65	38	15	1	3.7	25	8.5	16	88	38.15	126.15	26	39.5	20.5	13.5	5.5	5.5	2	47	13.5	39.5	5	1.13	0.16	0.55	0.84	0.18	1.23	0.04
20	D	C12	NB	203070.92	7322671.17	116	8	0	0	0	56	8	4	44	4	0	0	3	3.8	3.65	3.6	42	10	0.8	2.95	5	7	24.5	88	15.7	103.7	14	64	21	14	6.5	5.5	2.5	49.5	12.5	38	8.5	1.13	0.16	0.55	0.95	0.17	1.21	0.04
21	D	C15	B	203118.78	7322701.02	88	3	0	0	0	132	6	5	64	8	0	0	3	3.9	3.7	3.7	36	18	1.1	3.8	15.5	12.5	24.5	119	32.9	151.9	18.5	51.5	14	14.5	7.5	6.5	2.5	45	13	42	7.5	1.13	0.17	0.56	0.79	0.19	1.25	0.05
22	D	C10	NB	203036.57	7322664.22	276	14	0	12	0	52	8	3	52	0	0	0	5	3.95	3.85	3.7	43	7.5	0.8	2.25	2.5	4.5	24	94	10	104	9	73	16	13	7.5	8	2	46.5	12	41.5	1	1.13	0.18	0.56	0.76	0.19	1.24	0.05
23	D	B10	NB	203024.12	7322675.74	388	7	0	0	0	44	5	3	32	0	0	0	4	3.7	3.65	3.6	31.5	5.5	0.4	1.5	2.5	2	24.5	90.5	6.35	96.85	6.5	80.5	16	15	10.5	10.5	3.5	55.5	16	28.5	4	1.13	0.13	0.57	1.09	0.11	1.13	0.03
24	D	A10	NB	203005.02	7322680.67	2868	12	0	4	0	44	4	4	40	0	0	0	5	3.9	3.65	3.6	35	13.5	0.5	1.75	3.5	2	23.5	90	7.75	97.75	7.5	76.5	22	21	10	10	3	66	11	23	3	1.13	0.13	0.56	1.67	0.07	1.08	NA
25	D	A7	NB	202959.41	7322662.95	168	11	0	0	0	72	5	2	48	0	0	0	8	3.8	3.75	3.6	40.5	11.5	0.7	1.65	6	1.5	20.5	90	9.85	99.85	9.5	69	20.5	17	7	9	3	56.5	14	29.5	2	1.13	0.14	0.56	1.07	0.12	1.14	0.03
26	D	A6	NB	202949	7322651.17	128	5	0	0	0	16	4	0	12	0	0	0	9	4	3.8	3.75	48	9.5	0.7	2.55	10.5	4	18.5	93	17.7	110.7	14.5	57	17	16.5	8	9.5	3	54	13.5	32.5	4.5	1.13	0.15	0.56	0.98	0.14	1.16	0.04
27	D	B6	NB	202947.02	7322632.21	1300	13	0	12	0	56	6	4	52	4	0	0	7	3.85	3.85	3.7	42	8	0.4	1.85	4.5	2.5	22	90	9.2	99.2	8	74	14.5	18	9	11.5	3.5	56.5	13	30.5	3	1.13	0.14	0.57	0.96	0.13	1.16	0.04
28	D	C7	NB	202968.49	7322619.48	496	12	0	0	0	4	1	0	4	0	0	0	3	3.85	3.8	3.75	44	12.5	0.6	1.9	6	2.5	24	86.5	10.95	97.45	10	72.5	17	15.5	10	12	4	58.5	16.5	25	1	1.13	0.12	0.58	1.02	0.1	1.12	0.03
29	D	D2	NB	202914.95	7322549.53	228	14	0	84	4	140	6	3	96	4	28	0	1	3.75	3.9	3.8	52.5	11.5	0.6	1.8	6	4	17.5	72	12.4	84.4	13.5	62	23.5	23	10.5	8.5	3.5	69	10	21	7	1.13	0.13	0.55	1.93	0.05	1.05	NA
30	D	D0	NB	202883.35	7322532.2	376	18	0	0	0	28	4	1	20	0	0	0	4	3.95	3.7	3.7	25.5	15.5	0.9	2.35	2.5	4.5	29.5	113	10.2	123.2	11	68.5	9.5	12.5	10	13.5	3.5	49	13.5	37.5	3	1.13	0.16	0.57	0.75	0.16	1.2	0.04
31	D	E0	NB	202874.84	7322515.73	308	12	0	8	0	48	5	2	36	0	0	0	3	3.9	3.8	3.8	55	6.5	1.1	3	3	3.5	25	97.5	10.6	108.1	9	73	15	14	10	10.5	3	52.5	12.5	35	3	1.13	0.16	0.56	0.87	0.15	1.19	0.04
32	D	C0	NB	202859.23	7322534.8	456	16	4	40	0	40	5	2	40	0	0	0	5	3.9	3.85	3.8	31.5	7.5	0.7	2.2	12	5.5	27.5	98	20.35	118.35	15.5	61.5	11	13	9.5	9	2	44.5	19	36.5	4.5	1.13	0.13	0.57	0.7	0.17	1.21	0.05
33	D	E0	NB	202876.07	7322506.4	176	10	0	0	0	24	4	1	24	0	0	0	3	3.9	3.8	3.8	55	6.5	1.1	3	3	3.5	25	97.5	10.6	108.1	9	73	15	14	10	10.5	3	52.5	12.5	35	3	1.13	0.16	0.56	0.87	0.15	1.19	0.04
34	D	C0	NB	202866.9	7322554.03	2972	11	0	4	0	20	4	1	12	4	0	0	5	5	4.15	4.35	19.5	8	0.5	2.1	9.5	2.5	2.5	36	14.6	50.6	28	17	13	22	18	15	4.5	72.5	15.5	12	5	1.13	0.08	0.58	1.49	0.04	1.04	0.01
35	D	F1	B	202905.79	7322502.41	892	11	0	0	4	36	6	1	32	4	0	0	3	3.8	3.75	3.7	56.5	9.5	1.2	2.8	8	4	26	86.5	15.95	102.45	15	64	18	14.5	8	9.5	3.5	53.5	8.5	38	6	1.13	0.18	0.55	0.94	0.17	1.21	0.04
36	D	G0	B	202893.99	7322478.22	276	9	0	0	0	56	6	2	28	8	0	0	2	4	3.75	3.7	39.5	16.5	1.6	4.5	19.5	11	19.5	91.5	36.55	128.05	21.5	51.5	11	10	8	9	3	41	16	43	6.5	1.13	0.16	0.57	0.63	0.2	1.25	0.05
37	D	H1	B	202934.59	7322482.18	152	9	0	0	0	96	10	4	56	16	0	0	3	3.85	3.8	3.7	37	12.5	0.9	4.25	9.5	5.5	16.5	78.5	20.15	98.65	19.5	46.5	15.5	15.5	9.5	10	3	53.5	15.5	31	4	1.13	0.14	0.57	0.93	0.13	1.15	0.04
38	D	J3	NB	202986.02	7322465.7	1212	15	0	0	0	132	4	7	100	12	0	0	3	4.05	3.75	3.85	57.5	12.5	0.5	1.8	36	6	11	115.5	44.3	159.8	28	19	12	20.5	12.5	12.5	3.5	61	12.5	26.5	13	1.13	0.14	0.57	1.08	0.11	1.13	0.03
39	D	K3	B	203002.16	7322440.63	1488	8	0	0	0	36	6	1	28	0	0	0	4	3.7	3.65	3.6	38.5	10.5	1	2.5	4.5	5.5	23.5	103.5	13.45	116.95	10.5	66.5	10.5	15.5	8	6.5	2	42.5	12	45.5	1	1.13	0.18	0.55	0.67	0.21	1.28	0.05
40	D	J4	NB	203001.7	7322467.33	296	18	12	0	4	40	5	1	36	0	4	0	3	4.05	3.75	3.85	57.5	12.5	0.5	1.8	36	6	11	115.5	44.3	159.8	28	19	12	20.5	12.5	12.5	3.5	61	12.5	26.5	13	1.13	0.14	0.57	1.08	0.11	1.13	0.03
41	D	K5 	B	203036.15	7322457.54	11108	7	4	0	0	104	5	19	52	4	0	0	1	3.65	3.45	3.45	57.5	26.5	1.6	3.95	18	11.5	32	146	35.05	181.05	18	51.5	9	12	8.5	8.5	2.5	40.5	14	45.5	6.5	1.13	0.18	0.57	0.64	0.21	1.27	0.05
42	D	K5 	B	203039	7322460.37	1256	7	0	0	0	28	5	0	24	0	0	0	1	4	3.75	3.75	34.5	9	0.6	1.8	12.5	5.5	13.5	75.5	20.4	95.9	19	46.5	7	13.5	12	11	2.5	46	17	37	5.5	1.13	0.15	0.57	0.72	0.17	1.2	0.05
43	D	K7	NB	203060.84	7322491.14	680	10	0	0	0	44	7	2	28	8	0	0	2	3.8	3.55	3.5	42.5	15.5	1	3.7	8	5.5	26	125.5	18.2	143.7	11.5	63	15	18	8	11.5	2.5	55	19	26	0	1.28	0.1	0.53	0.68	0.16	1.19	0.04
44	D	L6	NB	203056.11	7322445.58	772	14	0	4	0	56	8	4	32	0	0	0	1	3.9	3.7	3.7	48.5	12.5	1.1	3.45	4.5	6	24.5	88	15	103	13	67	11	9.5	6.5	7	2	36	15.5	48.5	6.5	1.13	0.18	0.57	0.57	0.23	1.3	0.06
45	D	N6	NB	203076.25	7322429.07	720	13	4	0	4	40	6	3	32	8	0	0	2	4.65	3.95	4	43.5	8	1.3	2.8	31.5	9	9.5	86	44.55	130.55	33	20.5	9	13.5	9.5	11.5	2	45.5	18.5	36	11	1.13	0.14	0.58	0.69	0.17	1.21	0.05
46	D	N5 	B	203058.47	7322415.76	3556	12	0	4	0	56	3	4	32	28	0	0	2	3.75	3.45	3.45	51	10	1.6	7.95	9.5	10.5	22.5	125.5	29.55	155.05	19	44	13	18	9	8.5	2.5	51	12.5	36.5	8	1.13	0.16	0.56	0.86	0.16	1.2	0.04
47	D	M4	B	203044.55	7322413.08	2772	13	28	0	16	76	4	8	20	24	0	4	3	3.75	3.45	3.45	51	10	1.6	7.95	9.5	10.5	22.5	125.5	29.55	155.05	19	44	13	18	9	8.5	2.5	51	12.5	36.5	8	1.13	0.16	0.56	0.86	0.16	1.2	0.04
48	D	O4	B	203056.24	7322389.55	2284	6	4	0	0	24	3	1	24	0	0	0	3	3.95	3.75	3.65	40.5	8	0.8	3.3	6	4.5	15.5	84.5	14.55	99.05	14	54	14	15.5	11.5	10.5	3.5	55	13	32	6	1.13	0.15	0.56	0.96	0.14	1.16	0.04
49	D	O4	B	203057.28	7322386.19	128	3	0	0	0	60	3	8	40	0	0	0	3	3.95	3.75	3.65	40.5	8	0.8	3.3	6	4.5	15.5	84.5	14.55	99.05	14	54	14	15.5	11.5	10.5	3.5	55	13	32	6	1.13	0.15	0.56	0.96	0.14	1.16	0.04
50	D	O5	B	203064.05	7322389.11	664	5	0	0	0	72	6	9	48	4	0	0	1	3.95	3.75	3.65	40.5	8	0.8	3.3	6	4.5	15.5	84.5	14.55	99.05	14	54	14	15.5	11.5	10.5	3.5	55	13	32	6	1.13	0.15	0.56	0.96	0.14	1.16	0.04
51	D	P5	B	203073.97	7322369.4	440	8	4	0	0	76	5	12	52	8	0	0	2	4.35	4	4	49.5	5	0.9	3.8	8.5	5.5	10.5	65	18.7	83.7	22.5	38.5	8	17	12.5	10.5	3	51	13	36	9	1.13	0.16	0.57	0.87	0.16	1.19	0.04
52	D	O6 	B	203080.25	7322406.96	12216	7	0	0	0	72	4	8	68	20	0	0	2	3.95	3.75	3.7	44.5	9	1	4.2	14.5	9	13.5	87	28.65	115.65	22	38.5	10	15	10.5	10	3	48.5	16.5	35	4	1.13	0.14	0.57	0.77	0.16	1.19	0.04
53	D	O6 	B	203091.91	7322393.08	276	12	0	0	0	60	5	7	48	0	0	4	2	4.15	3.8	3.8	36	8.5	0.7	4.5	6	5.5	14	71	16.7	87.7	19	46.5	8.5	15	13	11	4	51.5	16.5	32	7	1.13	0.13	0.57	0.81	0.14	1.17	0.04
54	D	I7	NB	203041.88	7322506.67	468	9	0	0	0	56	5	7	56	4	0	0	8	4	3.9	3.8	46	6	1.6	2.25	4.5	4	19	82.5	12.3	94.8	12.5	61.5	11	15	9	10	3	48	15	37	2	0.99	0.16	0.62	1.02	0.12	1.14	0.05
55	D	I5	NB	203007.64	7322503.99	140	6	0	0	0	28	4	1	24	0	0	0	2	4.45	3.9	3.95	35.5	5.5	0.4	1.75	13.5	4.5	9.5	73	20.15	93.15	19.5	40	17	20	8.5	9.5	2.5	57.5	9.5	33	6	1.13	0.16	0.55	1.33	0.13	1.16	0.03
56	D	I3	NB	202974.68	7322484.67	324	8	0	0	0	64	7	1	60	24	4	0	3	3.95	3.85	3.85	34.5	3	0.9	1.9	3	2	14.5	75.5	7.8	83.3	9	67.5	15	20.5	13	14.5	2.5	65.5	11	23.5	3	1.13	0.13	0.56	1.24	0.1	1.11	0.03
57	D	H3	NB	202960.24	7322492.8	256	13	8	0	0	68	2	5	32	0	0	0	2	3.7	3.8	3.7	30.5	7.5	0.5	1.35	5.5	3.5	22	73	10.85	83.85	12	69	19	14.5	9	9.5	3.5	55.5	11	33.5	4	1.13	0.16	0.56	0.95	0.15	1.17	0.04
58	D	F4	NB	202966.57	7322530.59	316	15	0	0	0	104	7	15	88	4	0	0	2	3.85	3.75	3.65	39.5	10	0.9	2.2	9	5	23	87	17.1	104.1	14.5	63	19	16	10	8	2.5	55.5	12.5	32	7	1.13	0.15	0.56	1.03	0.13	1.16	0.04
59	D	G2	NB	202941.43	7322507.81	672	13	0	0	0	36	3	2	28	8	0	0	3	3.8	3.6	3.55	51	25	1.2	4.6	18	12	29.5	132.5	35.75	168.25	19	50.5	12	13	11	10	3	49	16.5	34.5	5.5	1.13	0.14	0.57	0.78	0.16	1.19	0.04
60	D	F4	NB	202959.56	7322534.07	332	10	12	0	0	56	3	7	56	0	0	0	2	3.95	3.75	3.7	47.5	8.5	0.8	1.95	7.5	5	24.5	78	15.2	93.2	14.5	64.5	19	20	9.5	9.5	3.5	61.5	10	28.5	7	1.13	0.15	0.55	1.2	0.12	1.14	0.03
61	D	E4	NB	202943.65	7322558.68	592	10	0	0	0	24	2	3	16	0	0	0	2	3.85	3.85	3.85	37.5	6	0.4	1.75	3	2	21	70.5	7.15	77.65	8.5	76.5	16.5	18.5	9.5	9.5	3	57	12	31	4	1.13	0.15	0.56	1.03	0.13	1.15	0.04
1	M	A0	B	202821.4	7322584	48	11	7	0	0	8	3	NA	2	6	0	0	5	4.05	3.8	3.7	30	7.5	0.7	2.3	12	5.5	19.5	83.5	20.5	104	18	52	15	16	8	9	2	50	12	38	3	1.13	0.17	0.56	0.86	0.17	1.21	0.04
2	M	A2	NB	202867.9	7322608.27	48	11	0	0	0	2	2	NA	1	0	0	0	6	4.75	4.25	4.35	31.5	11	1.25	3.75	54	16	5	78.5	75	153.5	45.5	9	17.5	14.5	8	11.5	3.5	55	12	33	19	1.13	0.15	0.56	0.95	0.15	1.17	0.04
3	M	D0	NB	202863	7322533	43	11	2	6	0	2	1	NA	2	0	0	0	4	3.9	3.85	3.8	31.5	7.5	0.65	2.2	12	5.5	27.5	98	20.35	118.35	15.5	61.5	11	13	9.5	9	2	44.5	19	36.5	4.5	1.13	0.13	0.57	0.7	0.17	1.21	0.05
4	M	D1	NB	202885.07	7322531.48	250	21	1	1	0	2	2	NA	1	0	0	0	5	3.95	3.7	3.7	25.5	15.5	0.85	2.35	2.5	4.5	29.5	113	10.2	123.2	11	68.5	9.5	12.5	10	13.5	3.5	49	13.5	37.5	3	1.13	0.16	0.57	0.75	0.16	1.2	0.04
5	M	D2	NB	202900.03	7322558.16	347	21	0	8	0	12	9	NA	12	0	0	0	1	3.85	3.75	3.65	36	14.5	0.95	3.1	6.5	6.5	26	107	17.05	124.05	12.5	63.5	12.5	12.5	10.5	11	2.5	49	17.5	33.5	4.5	1.13	0.13	0.57	0.78	0.15	1.18	0.04
6	M	D0	NB	202874.42	7322521.66	21	10	0	2	0	10	8	NA	7	0	0	0	4	3.9	3.8	3.8	55	6.5	1.1	3	3	3.5	25	97.5	10.6	108.1	9	73	15	14	10	10.5	3	52.5	12.5	35	3	1.13	0.16	0.56	0.87	0.15	1.19	0.04
7	M	K4	B	203008.86	7322455.54	36	8	7	0	0	15	5	NA	12	7	0	1	3	3.85	3.85	3.85	37.5	6	0.4	1.75	3	2	21	70.5	7.15	77.65	8.5	76.5	16.5	18.5	9.5	9.5	3	57	12	31	4	1.13	0.15	0.56	1.03	0.13	1.15	0.04
8	M	K3	B	202998.09	7322442.03	34	9	5	0	3	5	1	NA	3	5	0	0	4	3.75	3.7	3.75	47.5	23.5	1.5	3.85	28.5	5.5	23.5	116.5	39.35	155.85	23	44.5	17	16.5	10.5	9.5	3	56.5	14.5	29	7	1.13	0.13	0.57	1.04	0.11	1.13	0.03
9	M	K3	B	202990.83	7322433.55	121	15	6	0	0	15	3	NA	14	13	0	0	4	4	3.55	3.6	62.5	25.5	0.8	2.95	16.5	10	24	118.5	30.25	148.75	18.5	51	9	17	12	10	2.5	50.5	7.5	42	8.5	1.13	0.19	0.55	0.79	0.19	1.24	0.04
10	M	L4	B	203022.22	7322437.62	322	12	12	0	0	19	2	NA	13	18	0	0	3	3.7	3.65	3.6	38.5	10.5	0.95	2.5	4.5	5.5	23.5	103.5	13.45	116.95	10.5	66.5	10.5	15.5	8	6.5	2	42.5	12	45.5	1	1.13	0.18	0.55	0.67	0.21	1.28	0.05
11	M	L3	B	203011.22	7322431.98	7	3	4	0	0	6	3	NA	5	4	0	0	3	3.7	3.65	3.6	38.5	10.5	0.95	2.5	4.5	5.5	23.5	103.5	13.45	116.95	10.5	66.5	10.5	15.5	8	6.5	2	42.5	12	45.5	1	1.13	0.18	0.55	0.67	0.21	1.28	0.05
12	M	M3	B	203020.32	7322416.44	114	13	57	0	1	17	1	NA	17	17	0	0	2	4.3	3.9	3.9	38.5	13	0.9	3.4	13	7.5	15.5	81.5	24.8	106.3	20	48	9	17	10.5	8	3.5	48	13.5	38.5	2	1.13	0.16	0.56	0.77	0.18	1.22	0.04
13	M	M4	B	203038.5	7322416.9	469	8	448	0	0	63	3	NA	34	61	0	1	3	3.75	3.7	3.6	41	7	0.4	1.6	3.5	4.5	25.5	81	10	91	10.5	73.5	10	12	7	5.5	2.5	37	12.5	50.5	1	1.13	0.19	0.56	0.58	0.24	1.32	0.05
14	M	N5	B	203051.02	7322415.12	753	16	94	0	4	5	1	NA	1	5	0	0	2	3.75	3.45	3.45	51	10	1.6	7.95	9.5	10.5	22.5	125.5	29.55	155.05	19	44	13	18	9	8.5	2.5	51	12.5	36.5	8	1.13	0.16	0.56	0.86	0.16	1.2	0.04
15	M	N3	B	203024.85	7322400.24	124	7	75	0	0	12	1	NA	11	12	0	0	3	3.8	3.6	3.5	56	7	0.85	2.7	4	3.5	21.5	96	11.05	107.05	10	67.5	15.5	16.5	8.5	8.5	1	50	14	36	7	1.13	0.15	0.56	0.88	0.16	1.19	0.04
16	M	N6	NB	203075.34	7322423.03	320	23	17	0	12	7	4	NA	4	2	0	1	2	4.65	3.95	4	43.5	8	1.25	2.8	31.5	9	9.5	86	44.55	130.55	33	20.5	9	13.5	9.5	11.5	2	45.5	18.5	36	11	1.13	0.14	0.58	0.69	0.17	1.21	0.05
17	M	M5	B	203054.47	7322423.16	27	3	9	0	0	16	4	NA	11	12	0	0	4	3.75	3.45	3.45	51	10	1.6	7.95	9.5	10.5	22.5	125.5	29.55	155.05	19	44	13	18	9	8.5	2.5	51	12.5	36.5	8	1.13	0.16	0.56	0.86	0.16	1.2	0.04
18	M	M5	B	203059.5	7322432.62	204	11	181	0	0	27	3	NA	14	25	0	0	4	3.9	3.7	3.7	48.5	12.5	1.05	3.45	4.5	6	24.5	88	15	103	13	67	11	9.5	6.5	7	2	36	15.5	48.5	6.5	1.13	0.18	0.57	0.57	0.23	1.3	0.06
19	M	L5	B	203050.48	7322443.88	243	14	206	0	1	45	4	NA	22	42	0	0	3	3.9	3.7	3.7	48.5	12.5	1.05	3.45	4.5	6	24.5	88	15	103	13	67	11	9.5	6.5	7	2	36	15.5	48.5	6.5	1.13	0.18	0.57	0.57	0.23	1.3	0.06
20	M	K5	B	203025.66	7322460.79	23	10	6	0	0	5	3	NA	3	2	0	0	1	3.8	3.75	3.65	47	13.5	1.3	2.65	6	6	23	103.5	15.95	119.45	12	63	17	16.5	8	10.5	2.5	54.5	12.5	33	0	1.28	0.15	0.51	0.66	0.2	1.24	0.04
21	M	K5	B	203031	7322447	388	10	56	0	0	77	4	NA	61	74	0	1	1	3.65	3.45	3.45	57.5	26.5	1.6	3.95	18	11.5	32	146	35.05	181.05	18	51.5	9	12	8.5	8.5	2.5	40.5	14	45.5	6.5	1.13	0.18	0.57	0.64	0.21	1.27	0.05
22	M	K5	B	203033.33	7322453.5	28	6	21	0	0	51	2	NA	39	50	0	0	1	3.65	3.45	3.45	57.5	26.5	1.6	3.95	18	11.5	32	146	35.05	181.05	18	51.5	9	12	8.5	8.5	2.5	40.5	14	45.5	6.5	1.13	0.18	0.57	0.64	0.21	1.27	0.05
23	M	E6	B	202987.62	7322576.01	32	13	3	0	0	9	3	NA	5	7	0	0	3	4	3.8	3.8	46	7.5	0.8	2	12.5	5	16.5	66	20.3	86.3	21	50.5	17	15.5	9	9	2.5	53	12	35	16	1.13	0.16	0.56	0.93	0.15	1.19	0.04
24	M	E8	B	203012.51	7322592.44	30	12	0	0	0	5	5	NA	4	1	0	0	3	3.95	3.75	3.7	50	8.5	1.35	2.85	13.5	7.5	13	58.5	25.2	83.7	26	44	23	14.5	6.5	6.5	1.5	52	11	37	14	1.13	0.17	0.55	0.99	0.16	1.2	0.04
25	M	E9	B	203032.21	7322604.79	61	13	2	0	1	5	5	NA	2	1	0	0	4	3.65	3.65	3.55	49.5	5.5	0.85	2.35	8	6.5	23.5	75	17.7	92.7	17.5	60	21	13.5	6	6	1.5	48	7.5	44.5	10	1.13	0.2	0.54	0.8	0.21	1.27	0.05
26	M	E7 	B	203000.11	7322584.14	143	12	10	0	0	8	3	NA	6	6	0	0	2	3.9	3.8	3.8	35.5	5.5	0.85	2.4	7.5	6.5	13.5	63	17.25	80.25	21.5	44	18.5	18	9	7.5	2	55	7	38	17	1.13	0.18	0.54	0.98	0.18	1.21	0.04
27	M	D9	B	203023.48	7322628.63	23	6	15	1	0	11	5	NA	10	7	0	0	4	3.85	3.75	3.65	31.5	11.5	1.2	2.35	2	5.5	27	97.5	11.05	108.55	9.5	72.5	14	12.5	9.5	8.5	3	47.5	6.5	46	6.5	1.13	0.2	0.55	0.75	0.21	1.26	0.04
28	M	E9	B	203045.17	7322600.25	44	10	16	0	0	33	5	NA	18	28	0	0	4	3.75	3.65	3.55	43.5	11.5	1.1	2.5	4.5	6	23.5	80	14.1	94.1	14	64.5	17	11	6	5	2	41	16	43	6	1.13	0.16	0.56	0.69	0.2	1.26	0.05
29	M	F9	B	203053.48	7322584.95	10	5	1	0	0	7	2	NA	0	1	0	0	4	3.85	3.65	3.65	44.5	15	1.35	7.9	17	13.5	21.5	97.5	39.75	137.25	25.5	43	17.5	15	8	6	1.5	48	9.5	42.5	10.5	1.13	0.19	0.54	0.79	0.2	1.25	0.05
30	M	H9	B	203063.46	7322575.2	50	10	17	0	1	18	7	NA	17	8	0	0	3	3.85	3.65	3.65	44.5	15	1.35	7.9	17	13.5	21.5	97.5	39.75	137.25	25.5	43	17.5	15	8	6	1.5	48	9.5	42.5	10.5	1.13	0.19	0.54	0.79	0.2	1.25	0.05
31	M	G9	B	203055.54	7322567.03	335	7	3	0	3	7	6	NA	5	0	0	0	2	4.05	3.7	3.75	51	25.5	1.5	2.35	45	14.5	17.5	125	63.35	188.35	31.5	25.5	16	15	9	5.5	2	47.5	15.5	37	10.5	1.13	0.15	0.56	0.84	0.17	1.21	0.04
32	M	H10	B	203076.67	7322561.45	59	15	6	0	0	8	3	NA	8	5	0	0	1	3.5	3.5	3.4	33	17	1.4	5.3	11	9	26	106	26.7	132.7	20	49	8	14	12	8	1	43	11	46	4	0.99	0.19	0.6	0.9	0.18	1.22	0.05
33	M	H9 	B	203056.44	7322557.99	8	7	0	0	0	8	6	NA	5	2	0	0	3	3.65	3.6	3.55	41	10.5	0.95	2.95	14.5	8.5	26.5	89.5	26.9	116.4	21	55	14	13	6.5	5	2	40.5	12.5	47	3	1.13	0.19	0.55	0.66	0.22	1.29	0.05
34	M	H11 	B	203103.06	7322557.12	13	6	0	0	0	8	8	NA	6	0	1	1	2	4.3	3.4	3.5	46	29	1.1	5	8	10	17	143	24.1	167.1	14	41	10	15	12	8	2	47	17	36	19	0.99	0.15	0.62	1.06	0.12	1.14	0.04
35	M	C13	B	203075.61	7322684.87	28	16	6	0	0	12	11	NA	10	2	0	0	4	3.85	3.7	3.7	26.5	8.5	0.7	2.95	20	7.5	21	92	31.15	123.15	21.5	49	15.5	14.5	6	6	1.5	43.5	15.5	41	9.5	1.13	0.16	0.56	0.75	0.19	1.24	0.05
36	M	C15	B	203125.12	7322696.9	32	6	25	0	0	25	3	NA	11	22	0	0	3	3.9	3.75	3.7	21	8.5	0.7	1.85	5.5	3.5	24	84.5	11.55	96.05	11	70	16	12.5	6	6	2.5	43	13.5	43.5	8.5	1.13	0.17	0.56	0.68	0.21	1.26	0.05
37	M	C0 	NB	202865.91	7322543.33	64	13	4	0	0	9	6	NA	8	2	0	0	5	3.9	3.85	3.8	31.5	7.5	0.65	2.2	12	5.5	27.5	98	20.35	118.35	15.5	61.5	11	13	9.5	9	2	44.5	19	36.5	4.5	1.13	0.13	0.57	0.7	0.17	1.21	0.05
38	M	F0	B	202891.27	7322493.17	50	7	0	0	0	9	8	NA	9	2	0	1	2	4.1	3.95	4	51	11.5	1.35	2.7	23.5	9.5	10	58	37.05	95.05	34.5	29	24	16.5	9	9	2.5	61	10.5	28.5	11	1.13	0.15	0.55	1.25	0.11	1.12	0.03
39	M	F1	B	202906.84	7322504.91	37	9	1	0	0	7	5	NA	7	0	0	0	3	3.8	3.75	3.7	56.5	9.5	1.15	2.8	8	4	26	86.5	15.95	102.45	15	64	18	14.5	8	9.5	3.5	53.5	8.5	38	6	1.13	0.18	0.55	0.94	0.17	1.21	0.04
40	M	G0	B	202894.84	7322480.49	47	13	8	0	0	7	4	NA	7	4	0	0	2	4	3.75	3.7	39.5	16.5	1.55	4.5	19.5	11	19.5	91.5	36.55	128.05	21.5	51.5	11	10	8	9	3	41	16	43	6.5	1.13	0.16	0.57	0.63	0.2	1.25	0.05
41	M	H1	B	202932.26	7322475.4	17	6	1	0	0	5	1	NA	4	5	0	0	3	3.85	3.8	3.7	37	12.5	0.9	4.25	9.5	5.5	16.5	78.5	20.15	98.65	19.5	46.5	15.5	15.5	9.5	10	3	53.5	15.5	31	4	1.13	0.14	0.57	0.93	0.13	1.15	0.04
42	M	H1	B	202935.91	7322468.38	12	7	0	0	0	1	1	NA	1	0	0	0	3	4.15	3.85	3.95	32	10.5	0.95	4.9	29	11.5	12	107	46.35	153.35	27	28.5	14	10.5	13	13	4.5	55	16	29	6	1.13	0.13	0.58	0.85	0.13	1.15	0.04
43	M	I1	B	202929.99	7322457.68	51	10	1	0	0	1	1	NA	1	0	0	0	2	4.15	3.85	3.95	32	10.5	0.95	4.9	29	11.5	12	107	46.35	153.35	27	28.5	14	10.5	13	13	4.5	55	16	29	6	1.13	0.13	0.58	0.85	0.13	1.15	0.04
44	M	D3	NB	202914.76	7322565.3	128	14	2	20	0	3	3	NA	3	0	0	0	1	3.85	3.7	3.65	42	15	1.1	2.65	8	7	28	130.5	18.75	149.25	11	64.5	11	12.5	11.5	11	3.5	49.5	16.5	34	6.5	1.13	0.14	0.57	0.78	0.15	1.18	0.04
45	M	E4	NB	202945.99	7322559.63	71	14	19	0	0	3	3	NA	2	1	0	0	2	3.85	3.85	3.85	37.5	6	0.4	1.75	3	2	21	70.5	7.15	77.65	8.5	76.5	16.5	18.5	9.5	9.5	3	57	12	31	4	1.13	0.15	0.56	1.03	0.13	1.15	0.04
46	M	F4	NB	202953.28	7322536.35	69	14	4	0	0	4	4	NA	4	0	0	0	2	3.95	3.75	3.7	47.5	8.5	0.75	1.95	7.5	5	24.5	78	15.2	93.2	14.5	64.5	19	20	9.5	9.5	3.5	61.5	10	28.5	7	1.13	0.15	0.55	1.2	0.12	1.14	0.03
47	M	H3	B	202956.62	7322501.21	12	5	0	0	0	4	4	NA	4	1	0	0	2	3.7	3.8	3.7	30.5	7.5	0.5	1.35	5.5	3.5	22	73	10.85	83.85	12	69	19	14.5	9	9.5	3.5	55.5	11	33.5	4	1.13	0.16	0.56	0.95	0.15	1.17	0.04
48	M	G2	B	202940.25	7322510.14	480	14	3	0	0	4	4	NA	4	1	0	0	3	3.8	3.6	3.55	51	25	1.15	4.6	18	12	29.5	132.5	35.75	168.25	19	50.5	12	13	11	10	3	49	16.5	34.5	5.5	1.13	0.14	0.57	0.78	0.16	1.19	0.04
49	M	H0	B	202904.93	7322466.49	123	23	3	0	0	14	7	NA	9	6	0	1	3	3.8	3.6	3.55	55	19.5	1.5	5.25	24.5	14	20	66	45.25	111.25	39	38.5	13	11.5	9.5	13	3.5	50.5	17	32.5	3	1.13	0.13	0.57	0.78	0.15	1.18	0.05
50	M	K2	B	202977.81	7322432.47	68	10	1	0	0	6	2	NA	4	4	0	0	2	4.2	3.9	3.95	34.5	10.5	0.65	3.55	31	10	8.5	78	45.2	123.2	33.5	23	16.5	16.5	7.5	9	1.5	51	14.5	34.5	7.5	1.13	0.15	0.56	0.89	0.15	1.18	0.04
51	M	J1	NB	202952.8	7322434.42	90	15	4	0	0	4	2	NA	3	0	0	0	2	3.95	3.75	3.65	28	9.5	0.85	2.1	4.5	5	18.5	93	12.45	105.45	10.5	64.5	14.5	13.5	6	7	2.5	43.5	14	42.5	0	1.13	0.17	0.56	0.72	0.2	1.25	0.05
52	M	A6	NB	202938.3	7322647.04	24	9	0	0	0	0	0	NA	0	0	0	0	9	3.85	3.9	3.75	39.5	5	0.6	1.9	3	2	18	73.5	7.5	81	9	72.5	22.5	20	10	11	3	66.5	13.5	20	2	1.13	0.11	0.57	1.74	0.04	1.05	NA
53	M	A7	NB	202960.4	7322661.32	184	17	8	0	0	7	5	NA	6	3	0	0	8	3.8	3.75	3.6	40.5	11.5	0.7	1.65	6	1.5	20.5	90	9.85	99.85	9.5	69	20.5	17	7	9	3	56.5	14	29.5	2	1.13	0.14	0.56	1.07	0.12	1.14	0.03
54	M	B6	NB	202947.02	7322632.21	63	17	2	1	0	6	6	NA	6	0	0	0	7	3.85	3.85	3.7	42	8	0.35	1.85	4.5	2.5	22	90	9.2	99.2	8	74	14.5	18	9	11.5	3.5	56.5	13	30.5	3	1.13	0.14	0.57	0.96	0.13	1.16	0.04
55	M	B7	NB	202974.14	7322628.5	70	15	1	0	0	12	3	NA	11	0	0	0	9	3.85	3.8	3.75	44	12.5	0.55	1.9	6	2.5	24	86.5	10.95	97.45	10	72.5	17	15.5	10	12	4	58.5	16.5	25	1	1.13	0.12	0.58	1.02	0.1	1.12	0.03
56	M	D6	NB	202978.41	7322599.19	256	17	0	0	0	7	5	NA	4	1	0	0	2	4	3.9	3.85	29.5	6	0.65	1.75	10	3.5	14.5	76	15.9	91.9	16	51.5	17.5	21	12	10.5	3	64	11	25	8	1.13	0.14	0.56	1.37	0.09	1.1	0.03
57	M	D7	NB	202988.62	7322591.57	61	16	4	0	0	34	8	NA	19	4	0	0	3	3.9	3.8	3.8	35.5	5.5	0.85	2.4	7.5	6.5	13.5	63	17.25	80.25	21.5	44	18.5	18	9	7.5	2	55	7	38	17	1.13	0.18	0.54	0.98	0.18	1.21	0.04
58	M	A10	NB	203017.28	7322678.74	761	17	1	0	0	5	3	NA	5	1	0	0	5	3.7	3.8	3.65	26.5	10	0.25	1.4	1.5	1.5	21.5	81	4.65	85.65	5.5	83	17.5	16.5	10.5	10	2.5	57	14	29	2	1.13	0.14	0.56	1.15	0.11	1.13	0.03
59	M	B10	NB	203024.12	7322675.74	40	15	1	0	0	6	5	NA	4	0	1	0	4	3.7	3.65	3.6	31.5	5.5	0.35	1.5	2.5	2	24.5	90.5	6.35	96.85	6.5	80.5	16	15	10.5	10.5	3.5	55.5	16	28.5	4	1.13	0.13	0.57	1.09	0.11	1.13	0.03
60	M	C10	NB	203034.57	7322656.7	36	9	8	0	0	10	4	NA	8	5	0	0	5	3.95	3.85	3.7	43	7.5	0.75	2.25	2.5	4.5	24	94	10	104	9	73	16	13	7.5	8	2	46.5	12	41.5	1	1.13	0.18	0.56	0.76	0.19	1.24	0.05
61	M	A4	NB	202911.03	7322616.55	197	13	2	0	0	2	2	NA	1	0	0	0	6	3.95	3.8	3.75	45.5	12	0.85	2.3	12	5.5	18	87.5	20.65	108.15	16.5	54.5	15.5	16.5	8.5	10.5	3	54	14.5	31.5	5.5	1.13	0.14	0.57	0.91	0.14	1.16	0.04
62	M	C2	NB	202889.96	7322572.52	45	16	4	0	0	11	7	NA	8	2	0	0	5	4.05	3.9	3.95	40	7.5	0.45	3.35	11	5	15	72.5	19.8	92.3	18.5	50.5	16.5	15	9.5	11	4	56	16	28	2	1.13	0.13	0.57	0.99	0.12	1.14	0.03
63	M	H4	NB	202978.17	7322493.2	23	13	2	0	0	5	5	NA	5	1	0	0	2	3.95	3.85	3.85	34.5	3	0.9	1.9	3	2	14.5	75.5	7.8	83.3	9	67.5	15	20.5	13	14.5	2.5	65.5	11	23.5	3	1.13	0.13	0.56	1.24	0.1	1.11	0.03
64	M	J3	NB	202986.02	7322465.7	127	20	7	0	0	8	4	NA	4	1	0	0	3	4.05	3.75	3.85	57.5	12.5	0.5	1.8	36	6	11	115.5	44.3	159.8	28	19	12	20.5	12.5	12.5	3.5	61	12.5	26.5	13	1.13	0.14	0.57	1.08	0.11	1.13	0.03
65	M	J4	NB	203004.37	7322464.51	88	20	18	0	0	14	7	NA	9	0	0	0	3	4.5	4	4	38	3.5	0.8	2.45	6	6.5	12.5	70.5	15.75	86.25	16	51.5	11.5	16.5	7.5	9.5	2	47	14.5	38.5	1	1.28	0.15	0.51	0.53	0.22	1.29	0.04
66	M	K7	NB	203060.84	7322491.14	61	8	6	0	1	3	2	NA	2	2	0	0	2	3.8	3.55	3.5	42.5	15.5	1	3.7	8	5.5	26	125.5	18.2	143.7	11.5	63	15	18	8	11.5	2.5	55	19	26	0	1.28	0.1	0.53	0.68	0.16	1.19	0.04
67	M	J6	NB	203039.2	7322496.41	49	13	4	0	0	10	7	NA	10	4	0	0	4	4	3.9	3.8	46	6	1.55	2.25	4.5	4	19	82.5	12.3	94.8	12.5	61.5	11	15	9	10	3	48	15	37	2	0.99	0.16	0.62	1.02	0.12	1.14	0.05
68	M	E2	NB	202922.8	7322530.32	65	12	3	0	0	3	3	NA	3	0	0	0	2	3.7	3.7	3.6	31	22	2	4.5	14	9	26	96	29.5	125.5	24	47	12	19	13	13	3	60	13	27	8	0.99	0.14	0.62	1.4	0.07	1.07	0.03
69	M	F4	NB	202963.08	7322527.66	62	14	3	0	0	12	8	NA	9	2	0	0	2	3.85	3.75	3.65	39.5	10	0.9	2.2	9	5	23	87	17.1	104.1	14.5	63	19	16	10	8	2.5	55.5	12.5	32	7	1.13	0.15	0.56	1.03	0.13	1.16	0.04
70	M	H4	NB	202972.31	7322503.68	69	18	1	1	0	5	5	NA	5	1	0	0	2	3.6	3.7	3.6	53.5	17	0.9	2.65	19	8.5	26.5	92.5	31.05	123.55	23.5	55	12	13	9.5	11	2.5	48	14	38	3	1.13	0.16	0.57	0.76	0.17	1.21	0.04
71	M	I5	NB	203009.45	7322497.49	20	8	1	0	0	10	7	NA	9	1	0	0	2	4.45	3.9	3.95	35.5	5.5	0.4	1.75	13.5	4.5	9.5	73	20.15	93.15	19.5	40	17	20	8.5	9.5	2.5	57.5	9.5	33	6	1.13	0.16	0.55	1.33	0.13	1.16	0.03
72	M	H6	NB	203013.52	7322531.96	24	8	13	0	0	26	2	NA	25	25	0	0	3	3.75	3.75	3.7	38.5	6.5	0.5	1.7	5	3.5	19	66	10.7	76.7	13	66	14	20	11	9	4	58	12	30	4	1.13	0.15	0.56	1.1	0.12	1.15	0.03
73	M	G6	NB	203004.84	7322532.21	29	10	4	0	0	4	2	NA	4	0	0	0	3	3.75	3.75	3.7	38.5	6.5	0.5	1.7	5	3.5	19	66	10.7	76.7	13	66	14	20	11	9	4	58	12	30	4	1.13	0.15	0.56	1.1	0.12	1.15	0.03
74	M	C4	NB	202924.64	7322584.93	57	9	4	0	0	3	3	NA	3	1	0	0	6	4.2	3.9	4	44.5	11.5	0.75	1.9	48.5	5.5	8	77	56.65	133.65	41	13.5	13	15.5	10	12	3.5	54	16.5	29.5	6	1.13	0.13	0.58	0.87	0.13	1.16	0.04
75	M	C5	NB	202938.94	7322597.43	4284	15	5	0	1	8	7	NA	8	1	0	0	9	4	3.9	3.85	40.5	7	0.85	2.5	5.5	4.5	20.5	86.5	13.35	99.85	12	64.5	20	13	8	9.5	3.5	54	13	33	1	1.13	0.15	0.56	0.99	0.14	1.17	0.04
76	M	B3	NB	202907.57	7322590.75	90	18	18	0	0	14	5	NA	10	2	0	0	9	4.3	4.1	4.2	41	25	1.4	6.1	86	18	4	88	111.5	199.5	56	3	7	9	12	14	4	46	26	28	6	0.99	0.09	0.65	0.83	0.11	1.12	0.05
77	M	D5	NB	202966.35	7322576.54	1589	8	1	0	0	16	8	NA	12	1	0	0	2	4	3.8	3.8	46	7.5	0.8	2	12.5	5	16.5	66	20.3	86.3	21	50.5	17	15.5	9	9	2.5	53	12	35	16	1.13	0.16	0.56	0.93	0.15	1.19	0.04
78	M	B4	NB	202915.77	7322608.9	2179	11	17	0	0	15	4	NA	13	12	0	0	8	3.95	3.8	3.75	45.5	12	0.85	2.3	12	5.5	18	87.5	20.65	108.15	16.5	54.5	15.5	16.5	8.5	10.5	3	54	14.5	31.5	5.5	1.13	0.14	0.57	0.91	0.14	1.16	0.04
79	M	D2	NB	202908.37	7322546.49	127	22	0	0	0	3	2	NA	1	0	0	0	1	3.95	3.8	3.85	34.5	11	1.4	3.95	17	10.5	17.5	73.5	32.85	106.35	30	35.5	17	16.5	9	9.5	3	55	13	32	7	1.13	0.15	0.56	0.99	0.14	1.16	0.04
80	M	E0	NB	202876.04	7322506.4	23	6	4	0	0	13	4	NA	10	8	0	0	3	3.9	3.8	3.8	55	6.5	1.1	3	3	3.5	25	97.5	10.6	108.1	9	73	15	14	10	10.5	3	52.5	12.5	35	3	1.13	0.16	0.56	0.87	0.15	1.19	0.04
