col_parc	period	plot	site	x	y	seeds	seedsp	euterpe	sloanea	virola	seedl	seedlsp	seedl_NI	seedlsurv	eut.seedl	slo.seedl	vir.seedl	nivel	photo	vissky	isf	isfu	dsf	dsfu	gsf	gsfu	difbe	difbeu	dirbe	dirbeu	totbe	totbeu	lai	eladp	mla	gndcover	laidev	pH_H2O	pH_KCl	pH_Cacl2	MO	P	Na	K	Ca	Mg	Al	H+Al	SB	T	Vpct	mpct	vcs	cs	ms	fs	vfs	sandpct	siltpct	claypct	natclay	dens_gcm3	phi_r	phi_s	alfa	m	n	S
1	D	C5	NB	202939.9	7322589.83	196	11	0	0	0	20	4	0	20	0	0	0	9	DSCN7476_2	0.074	0.133	0.096	0.137	0.121	0.135	0.106	771	952	589	712	1360	1664	3.05	0.88	60	0.75	2.0460	4.00	3.90	3.800	36.5	6.5	0.7	2.10	8.0	3.0	15.5	74.0	13.80	87.80	13.5	59.5	14.5	21.0	11.5	11.0	3.5	61.5	11.5	27.0	4.0	1.13	0.14	0.56	1.32	0.10	1.12	0.03
2	D	E5	NB	202975.38	7322563.59	2844	15	0	0	0	60	9	4	60	0	0	0	2	DSCN7473	0.062	0.118	0.082	0.109	0.095	0.114	0.087	681	811	466	557	1148	1368	4.128	0.447	73	0.666	2.7203	4.05	3.75	3.700	33.5	13.5	0.4	2.25	13.5	6.0	16.0	68.0	22.15	90.15	22.5	47.5	16.0	15.0	6.5	7.0	2.0	46.5	14.5	39.0	8.0	1.13	0.16	0.56	0.79	0.18	1.22	0.04
3	D	D7	NB	202988.62	7322591.57	648	12	0	0	0	148	10	6	140	4	0	0	3	DSCN7592	0.048	0.080	0.060	0.141	0.123	0.106	0.083	461	593	604	720	1066	1313	3.336	1.442	47	0.875	1.8867	3.90	3.80	3.800	35.5	5.5	0.9	2.40	7.5	6.5	13.5	63.0	17.25	80.25	21.5	44.0	18.5	18.0	9.0	7.5	2.0	55.0	7.0	38.0	17.0	1.13	0.18	0.54	0.98	0.18	1.21	0.04
4	D	F9	B	203039.31	7322586.55	940	6	4	0	0	76	7	9	48	0	0	0	3	DSCN7504	0.046	0.073	0.056	0.060	0.053	0.067	0.055	420	559	257	314	677	873	3.233	1.815	40	0.894	2.1135	4.15	3.90	3.950	43.5	14.0	1.6	5.85	39.0	18.0	7.5	66.0	64.45	130.45	44.0	17.5	13.5	12.0	7.5	7.0	1.5	41.5	15.5	43.0	14.5	1.13	0.17	0.56	0.68	0.20	1.26	0.05
5	D	F9	B	203039.68	7322587.43	2300	9	4	0	0	40	6	2	24	4	0	0	3	DSCN7503	0.067	0.112	0.084	0.100	0.090	0.107	0.086	647	830	428	527	1075	1357	2.993	1.242	51	0.820	1.7390	4.15	3.90	3.950	43.5	14.0	1.6	5.85	39.0	18.0	7.5	66.0	64.45	130.45	44.0	17.5	13.5	12.0	7.5	7.0	1.5	41.5	15.5	43.0	14.5	1.13	0.17	0.56	0.68	0.20	1.26	0.05
6	D	G10 	B	203073.27	7322574.23	12252	3	0	0	0	40	5	3	40	12	0	0	3	DSCN7505	0.050	0.093	0.065	0.127	0.111	0.107	0.082	536	646	546	650	1082	1295	4.063	0.671	66	0.781	3.3469	3.50	3.50	3.400	33.0	17.0	1.4	5.30	11.0	9.0	26.0	106.0	26.70	132.70	20.0	49.0	8.0	14.0	12.0	8.0	1.0	43.0	11.0	46.0	4.0	0.99	0.19	0.60	0.90	0.18	1.22	0.05
7	D	G10	B	203073.73	7322581.4	708	5	0	0	0	44	8	3	28	4	0	0	3	DSCN7501	0.061	0.082	0.070	0.089	0.090	0.085	0.077	476	693	380	528	857	1220	2.732	3.127	27	0.898	2.6688	3.85	3.65	3.650	44.5	15.0	1.4	7.90	17.0	13.5	21.5	97.5	39.75	137.25	25.5	43.0	17.5	15.0	8.0	6.0	1.5	48.0	9.5	42.5	10.5	1.13	0.19	0.54	0.79	0.20	1.25	0.05
8	D	H11	B	203091.37	7322565.54	304	4	0	0	0	36	4	3	20	12	0	0	2	DSCN7511	0.048	0.093	0.064	0.120	0.097	0.105	0.076	537	635	516	570	1053	1205	7.949	0.001	90	0.005	5.1347	3.95	3.70	3.650	38.5	9.5	0.7	5.60	10.0	12.5	18.5	90.0	28.80	118.80	21.5	46.0	18.5	17.0	8.0	5.0	1.0	49.5	12.5	38.0	6.0	1.13	0.16	0.55	0.90	0.17	1.21	0.04
9	D	H12 	B	203049.6	7322671.27	352	3	0	0	0	8	2	0	4	0	0	0	2	DSCN7506	0.072	0.108	0.087	0.156	0.151	0.128	0.111	622	859	671	885	1293	1743	2.602	2.187	36	0.858	2.1115	3.80	3.65	3.600	42.0	10.0	0.8	2.95	5.0	7.0	24.5	88.0	15.70	103.70	14.0	64.0	21.0	14.0	6.5	5.5	2.5	49.5	12.5	38.0	8.5	1.13	0.16	0.55	0.95	0.17	1.21	0.04
10	D	H12	B	203120.01	7322571	792	4	0	0	0	24	4	2	12	4	0	0	2	DSCN7508	0.064	0.075	0.070	0.080	0.078	0.077	0.073	433	691	345	455	778	1146	2.618	5.899	15	0.913	1.9877	3.90	3.80	3.700	42.5	5.0	0.6	2.55	3.5	3.5	14.5	97.5	10.15	107.65	9.0	60.5	17.0	13.5	7.0	5.5	1.5	44.5	14.5	41.0	2.0	1.13	0.16	0.56	0.80	0.19	1.24	0.04
11	D	F12	B	203107.46	7322612.99	292	6	0	0	0	48	4	6	28	8	0	0	2	DSCN7509	0.060	0.100	0.075	0.154	0.141	0.123	0.100	580	744	661	828	1241	1572	3.037	1.376	48	0.842	2.3467	3.70	3.75	3.600	35.5	11.5	0.8	2.80	5.0	4.0	26.0	75.5	12.60	88.10	14.5	68.5	18.5	16.0	6.5	5.5	2.0	48.5	10.5	41.0	3.0	1.13	0.18	0.55	0.83	0.19	1.24	0.05
12	D	G11	B	203097.39	7322586.28	516	5	0	0	0	36	7	2	32	0	0	0	3	DSCN7500	0.059	0.098	0.074	0.124	0.112	0.109	0.088	564	731	533	657	1097	1388	2.982	1.546	45	0.854	1.9508	3.95	3.70	3.650	38.5	9.5	0.7	5.60	10.0	12.5	18.5	90.0	28.80	118.80	21.5	46.0	18.5	17.0	8.0	5.0	1.0	49.5	12.5	38.0	6.0	1.13	0.16	0.55	0.90	0.17	1.21	0.04
13	D	G11 	B	203082.93	7322598.75	3216	10	0	0	0	32	3	3	20	0	0	0	3	DSCN7510	0.053	0.088	0.066	0.066	0.064	0.079	0.065	508	656	283	377	791	1033	3.162	1.490	46	0.865	1.8798	3.80	3.65	3.650	34.5	10.5	0.8	2.40	12.0	6.5	21.5	85.5	21.70	107.20	18.0	55.5	16.5	12.5	7.5	6.0	1.0	43.5	12.5	44.0	5.5	1.13	0.18	0.55	0.70	0.21	1.27	0.05
14	D	F10	B	203059.93	7322596.32	1136	5	0	0	0	20	2	2	16	0	0	0	3	DSCN7499	0.046	0.086	0.060	0.086	0.073	0.086	0.065	496	596	368	428	864	1025	4.232	0.666	66	0.792	2.6549	3.75	3.65	3.550	43.5	11.5	1.1	2.50	4.5	6.0	23.5	80.0	14.10	94.10	14.0	64.5	17.0	11.0	6.0	5.0	2.0	41.0	16.0	43.0	6.0	1.13	0.16	0.56	0.69	0.20	1.26	0.05
15	D	F10	B	203061.91	7322601.95	872	4	0	0	4	36	4	4	24	4	0	0	3	DSCN7498	0.068	0.096	0.080	0.076	0.073	0.088	0.077	557	789	327	430	884	1219	2.667	2.469	32	0.876	2.2114	3.75	3.65	3.550	43.5	11.5	1.1	2.50	4.5	6.0	23.5	80.0	14.10	94.10	14.0	64.5	17.0	11.0	6.0	5.0	2.0	41.0	16.0	43.0	6.0	1.13	0.16	0.56	0.69	0.20	1.26	0.05
16	D	E12	B	203055.27	7322678.9	76	9	0	0	0	72	5	5	48	0	0	0	1	DSCN7496	0.048	0.077	0.060	0.086	0.075	0.081	0.065	447	591	370	442	818	1033	3.167	1.787	41	0.888	2.3050	3.80	3.65	3.600	42.0	10.0	0.8	2.95	5.0	7.0	24.5	88.0	15.70	103.70	14.0	64.0	21.0	14.0	6.5	5.5	2.5	49.5	12.5	38.0	8.5	1.13	0.16	0.55	0.95	0.17	1.21	0.04
17	D	E14	B	203116.12	7322658.99	328	7	0	0	0	48	4	6	20	8	0	0	3	DSCN7491_2	0.059	0.106	0.076	0.138	0.119	0.120	0.092	612	751	593	698	1205	1449	4.394	0.464	73	0.700	2.4131	3.65	3.60	3.500	53.5	10.0	0.7	2.50	7.5	4.5	22.0	69.0	15.15	84.15	17.0	60.5	25.0	17.5	6.5	5.5	1.5	56.0	10.0	34.0	7.0	1.13	0.16	0.54	1.15	0.14	1.17	0.04
18	D	E15	B	203134.23	7322672.73	512	9	4	0	0	80	6	9	52	4	0	0	3	DSCN7493_2	0.053	0.094	0.068	0.130	0.116	0.109	0.086	544	671	556	682	1101	1353	4.098	0.658	66	0.778	2.3844	3.85	3.65	3.650	38.0	15.0	1.0	3.70	25.0	8.5	16.0	88.0	38.15	126.15	26.0	39.5	20.5	13.5	5.5	5.5	2.0	47.0	13.5	39.5	5.0	1.13	0.16	0.55	0.84	0.18	1.23	0.04
19	D	D14	B	203119.99	7322674.06	9444	9	0	0	0	48	5	4	36	12	0	0	2	DSCN7495_2	0.065	0.098	0.078	0.098	0.095	0.098	0.085	566	777	420	560	986	1338	2.731	2.112	36	0.868	1.7651	3.85	3.65	3.650	38.0	15.0	1.0	3.70	25.0	8.5	16.0	88.0	38.15	126.15	26.0	39.5	20.5	13.5	5.5	5.5	2.0	47.0	13.5	39.5	5.0	1.13	0.16	0.55	0.84	0.18	1.23	0.04
20	D	C12	NB	203070.92	7322671.17	116	8	0	0	0	56	8	4	44	4	0	0	3	DSCN7488	0.086	0.157	0.111	0.265	0.233	0.203	0.156	907	1101	1138	1366	2046	2468	3.445	0.455	73	0.605	3.2317	3.80	3.65	3.600	42.0	10.0	0.8	2.95	5.0	7.0	24.5	88.0	15.70	103.70	14.0	64.0	21.0	14.0	6.5	5.5	2.5	49.5	12.5	38.0	8.5	1.13	0.16	0.55	0.95	0.17	1.21	0.04
21	D	C15	B	203118.78	7322701.02	88	3	0	0	0	132	6	5	64	8	0	0	3	DSCN7489	0.056	0.106	0.074	0.106	0.090	0.106	0.080	612	730	454	530	1066	1259	5.350	0.250	81	0.563	3.0532	3.90	3.70	3.700	36.0	18.0	1.1	3.80	15.5	12.5	24.5	119.0	32.90	151.90	18.5	51.5	14.0	14.5	7.5	6.5	2.5	45.0	13.0	42.0	7.5	1.13	0.17	0.56	0.79	0.19	1.25	0.05
22	D	C10	NB	203036.57	7322664.22	276	14	0	12	0	52	8	3	52	0	0	0	5	DSCN7485	0.067	0.103	0.080	0.129	0.114	0.115	0.093	598	794	556	667	1154	1461	4.511	0.486	72	0.724	3.6088	3.95	3.85	3.700	43.0	7.5	0.8	2.25	2.5	4.5	24.0	94.0	10.00	104.00	9.0	73.0	16.0	13.0	7.5	8.0	2.0	46.5	12.0	41.5	1.0	1.13	0.18	0.56	0.76	0.19	1.24	0.05
23	D	B10	NB	203024.12	7322675.74	388	7	0	0	0	44	5	3	32	0	0	0	4	DSCN7484	0.060	0.103	0.076	0.108	0.095	0.105	0.083	595	751	465	556	1060	1307	3.571	0.848	60	0.796	2.1895	3.70	3.65	3.600	31.5	5.5	0.4	1.50	2.5	2.0	24.5	90.5	6.35	96.85	6.5	80.5	16.0	15.0	10.5	10.5	3.5	55.5	16.0	28.5	4.0	1.13	0.13	0.57	1.09	0.11	1.13	0.03
24	D	A10	NB	203005.02	7322680.67	2868	12	0	4	0	44	4	4	40	0	0	0	5	DSCN7482	0.082	0.140	0.104	0.120	0.108	0.132	0.106	811	1031	514	634	1325	1665	2.791	1.063	55	0.766	2.4339	3.90	3.65	3.600	35.0	13.5	0.5	1.75	3.5	2.0	23.5	90.0	7.75	97.75	7.5	76.5	22.0	21.0	10.0	10.0	3.0	66.0	11.0	23.0	3.0	1.13	0.13	0.56	1.67	0.07	1.08	NA
25	D	A7	NB	202959.41	7322662.95	168	11	0	0	0	72	5	2	48	0	0	0	8	DSCN7481	0.051	0.101	0.069	0.115	0.097	0.107	0.079	583	680	494	569	1078	1249	5.188	0.293	79	0.607	3.6880	3.80	3.75	3.600	40.5	11.5	0.7	1.65	6.0	1.5	20.5	90.0	9.85	99.85	9.5	69.0	20.5	17.0	7.0	9.0	3.0	56.5	14.0	29.5	2.0	1.13	0.14	0.56	1.07	0.12	1.14	0.03
26	D	A6	NB	202949	7322651.17	128	5	0	0	0	16	4	0	12	0	0	0	9	DSCN7479	0.050	0.083	0.063	0.076	0.068	0.080	0.065	480	620	327	399	807	1020	3.266	1.455	46	0.870	2.0856	4.00	3.80	3.750	48.0	9.5	0.7	2.55	10.5	4.0	18.5	93.0	17.70	110.70	14.5	57.0	17.0	16.5	8.0	9.5	3.0	54.0	13.5	32.5	4.5	1.13	0.15	0.56	0.98	0.14	1.16	0.04
27	D	B6	NB	202947.02	7322632.21	1300	13	0	12	0	56	6	4	52	4	0	0	7	DSCN7478_2	0.052	0.089	0.066	0.122	0.105	0.103	0.080	513	650	523	619	1035	1268	3.422	1.159	52	0.847	2.6440	3.85	3.85	3.700	42.0	8.0	0.4	1.85	4.5	2.5	22.0	90.0	9.20	99.20	8.0	74.0	14.5	18.0	9.0	11.5	3.5	56.5	13.0	30.5	3.0	1.13	0.14	0.57	0.96	0.13	1.16	0.04
28	D	C7	NB	202968.49	7322619.48	496	12	0	0	0	4	1	0	4	0	0	0	3	DSCN7591	0.040	0.073	0.052	0.095	0.082	0.082	0.063	424	519	407	480	831	999	3.848	1.028	56	0.859	2.4880	3.85	3.80	3.750	44.0	12.5	0.6	1.90	6.0	2.5	24.0	86.5	10.95	97.45	10.0	72.5	17.0	15.5	10.0	12.0	4.0	58.5	16.5	25.0	1.0	1.13	0.12	0.58	1.02	0.10	1.12	0.03
29	D	D2	NB	202914.95	7322549.53	228	14	0	84	4	140	6	3	96	4	28	0	1	DSCN7467_2	0.044	0.073	0.055	0.107	0.092	0.087	0.069	420	544	458	542	878	1086	3.566	1.334	49	0.881	2.4785	3.75	3.90	3.800	52.5	11.5	0.6	1.80	6.0	4.0	17.5	72.0	12.40	84.40	13.5	62.0	23.5	23.0	10.5	8.5	3.5	69.0	10.0	21.0	7.0	1.13	0.13	0.55	1.93	0.05	1.05	NA
30	D	D0	NB	202883.35	7322532.2	376	18	0	0	0	28	4	1	20	0	0	0	4	DSCN7515	0.062	0.092	0.074	0.094	0.087	0.093	0.079	531	734	403	510	934	1244	2.730	2.526	32	0.884	1.5147	3.95	3.70	3.700	25.5	15.5	0.9	2.35	2.5	4.5	29.5	113.0	10.20	123.20	11.0	68.5	9.5	12.5	10.0	13.5	3.5	49.0	13.5	37.5	3.0	1.13	0.16	0.57	0.75	0.16	1.20	0.04
31	D	E0	NB	202874.84	7322515.73	308	12	0	8	0	48	5	2	36	0	0	0	3	DSCN7586	0.055	0.079	0.065	0.086	0.092	0.082	0.075	455	643	369	541	824	1184	2.857	2.652	31	0.898	2.0229	3.90	3.80	3.800	55.0	6.5	1.1	3.00	3.0	3.5	25.0	97.5	10.60	108.10	9.0	73.0	15.0	14.0	10.0	10.5	3.0	52.5	12.5	35.0	3.0	1.13	0.16	0.56	0.87	0.15	1.19	0.04
32	D	C0	NB	202859.23	7322534.8	456	16	4	40	0	40	5	2	40	0	0	0	5	DSCN7516	0.077	0.129	0.097	0.155	0.144	0.140	0.114	748	957	664	847	1412	1804	2.822	1.172	52	0.790	1.5894	3.90	3.85	3.800	31.5	7.5	0.7	2.20	12.0	5.5	27.5	98.0	20.35	118.35	15.5	61.5	11.0	13.0	9.5	9.0	2.0	44.5	19.0	36.5	4.5	1.13	0.13	0.57	0.70	0.17	1.21	0.05
33	D	E0	NB	202876.07	7322506.4	176	10	0	0	0	24	4	1	24	0	0	0	3	DSCN7517	0.065	0.080	0.072	0.088	0.088	0.084	0.078	465	714	378	518	843	1233	2.605	4.562	19	0.905	2.0049	3.90	3.80	3.800	55.0	6.5	1.1	3.00	3.0	3.5	25.0	97.5	10.60	108.10	9.0	73.0	15.0	14.0	10.0	10.5	3.0	52.5	12.5	35.0	3.0	1.13	0.16	0.56	0.87	0.15	1.19	0.04
34	D	C0	NB	202866.9	7322554.03	2972	11	0	4	0	20	4	1	12	4	0	0	5	DSCN7514	0.073	0.130	0.094	0.110	0.103	0.122	0.097	754	929	471	602	1225	1531	3.410	0.668	66	0.719	2.4874	5.00	4.15	4.350	19.5	8.0	0.5	2.10	9.5	2.5	2.5	36.0	14.60	50.60	28.0	17.0	13.0	22.0	18.0	15.0	4.5	72.5	15.5	12.0	5.0	1.13	0.08	0.58	1.49	0.04	1.04	0.01
35	D	F1	B	202905.79	7322502.41	892	11	0	0	4	36	6	1	32	4	0	0	3	DSCN7518	0.066	0.103	0.081	0.135	0.129	0.116	0.099	595	799	578	755	1173	1555	2.779	1.850	40	0.858	2.0770	3.80	3.75	3.700	56.5	9.5	1.2	2.80	8.0	4.0	26.0	86.5	15.95	102.45	15.0	64.0	18.0	14.5	8.0	9.5	3.5	53.5	8.5	38.0	6.0	1.13	0.18	0.55	0.94	0.17	1.21	0.04
36	D	G0	B	202893.99	7322478.22	276	9	0	0	0	56	6	2	28	8	0	0	2	DSCN7588	0.061	0.098	0.076	0.093	0.087	0.096	0.080	568	749	398	510	966	1258	2.912	1.672	43	0.858	2.3721	4.00	3.75	3.700	39.5	16.5	1.6	4.50	19.5	11.0	19.5	91.5	36.55	128.05	21.5	51.5	11.0	10.0	8.0	9.0	3.0	41.0	16.0	43.0	6.5	1.13	0.16	0.57	0.63	0.20	1.25	0.05
37	D	H1	B	202934.59	7322482.18	152	9	0	0	0	96	10	4	56	16	0	0	3	DSCN7520	0.084	0.156	0.110	0.095	0.080	0.130	0.099	899	1090	409	467	1308	1557	3.11	0.63	67	0.67	2.9900	3.85	3.80	3.700	37.0	12.5	0.9	4.25	9.5	5.5	16.5	78.5	20.15	98.65	19.5	46.5	15.5	15.5	9.5	10.0	3.0	53.5	15.5	31.0	4.0	1.13	0.14	0.57	0.93	0.13	1.15	0.04
38	D	J3	NB	202986.02	7322465.7	1212	15	0	0	0	132	4	7	100	12	0	0	3	DSCN7540	0.069	0.119	0.087	0.126	0.113	0.122	0.097	688	865	539	664	1227	1528	3.191	0.933	58	0.782	2.3881	4.05	3.75	3.850	57.5	12.5	0.5	1.80	36.0	6.0	11.0	115.5	44.30	159.80	28.0	19.0	12.0	20.5	12.5	12.5	3.5	61.0	12.5	26.5	13.0	1.13	0.14	0.57	1.08	0.11	1.13	0.03
39	D	K3	B	203002.16	7322440.63	1488	8	0	0	0	36	6	1	28	0	0	0	4	DSCN7537_2	0.039	0.073	0.051	0.108	0.094	0.087	0.067	420	506	462	553	881	1059	4.466	0.710	64	0.825	2.4660	3.70	3.65	3.600	38.5	10.5	1.0	2.50	4.5	5.5	23.5	103.5	13.45	116.95	10.5	66.5	10.5	15.5	8.0	6.5	2.0	42.5	12.0	45.5	1.0	1.13	0.18	0.55	0.67	0.21	1.28	0.05
40	D	J4	NB	203001.7	7322467.33	296	18	12	0	4	40	5	1	36	0	4	0	3	DSCN7541	0.039	0.072	0.051	0.038	0.033	0.057	0.044	415	506	162	195	577	701	4.077	0.905	59	0.851	2.6281	4.05	3.75	3.850	57.5	12.5	0.5	1.80	36.0	6.0	11.0	115.5	44.30	159.80	28.0	19.0	12.0	20.5	12.5	12.5	3.5	61.0	12.5	26.5	13.0	1.13	0.14	0.57	1.08	0.11	1.13	0.03
41	D	K5 	B	203036.15	7322457.54	11108	7	4	0	0	104	5	19	52	4	0	0	1	DSCN7551	0.034	0.040	0.037	0.061	0.067	0.049	0.048	233	367	261	393	494	759	3.306	4.763	18	0.950	2.8479	3.65	3.45	3.450	57.5	26.5	1.6	3.95	18.0	11.5	32.0	146.0	35.05	181.05	18.0	51.5	9.0	12.0	8.5	8.5	2.5	40.5	14.0	45.5	6.5	1.13	0.18	0.57	0.64	0.21	1.27	0.05
42	D	K5 	B	203039	7322460.37	1256	7	0	0	0	28	5	0	24	0	0	0	1	DSCN7552	0.049	0.096	0.066	0.142	0.121	0.116	0.086	554	652	610	713	1164	1364	4.137	0.600	68	0.756	2.9963	4.00	3.75	3.750	34.5	9.0	0.6	1.80	12.5	5.5	13.5	75.5	20.40	95.90	19.0	46.5	7.0	13.5	12.0	11.0	2.5	46.0	17.0	37.0	5.5	1.13	0.15	0.57	0.72	0.17	1.20	0.05
43	D	K7	NB	203060.84	7322491.14	680	10	0	0	0	44	7	2	28	8	0	0	2	DSCN7557	0.075	0.131	0.096	0.112	0.106	0.123	0.099	758	947	479	620	1237	1567	3.012	0.939	58	0.764	2.1813	3.80	3.55	3.500	42.5	15.5	1.0	3.70	8.0	5.5	26.0	125.5	18.20	143.70	11.5	63.0	15.0	18.0	8.0	11.5	2.5	55.0	19.0	26.0	0.0	1.28	0.10	0.53	0.68	0.16	1.19	0.04
44	D	L6	NB	203056.11	7322445.58	772	14	0	4	0	56	8	4	32	0	0	0	1	DSCN7570_2	0.059	0.091	0.072	0.085	0.080	0.089	0.075	528	709	366	469	894	1178	2.916	1.848	40	0.871	1.6279	3.90	3.70	3.700	48.5	12.5	1.1	3.45	4.5	6.0	24.5	88.0	15.00	103.00	13.0	67.0	11.0	9.5	6.5	7.0	2.0	36.0	15.5	48.5	6.5	1.13	0.18	0.57	0.57	0.23	1.30	0.06
45	D	N6	NB	203076.25	7322429.07	720	13	4	0	4	40	6	3	32	8	0	0	2	DSCN7561	0.051	0.077	0.061	0.092	0.083	0.083	0.069	442	604	393	486	835	1090	3.054	2.196	35	0.899	2.4478	4.65	3.95	4.000	43.5	8.0	1.3	2.80	31.5	9.0	9.5	86.0	44.55	130.55	33.0	20.5	9.0	13.5	9.5	11.5	2.0	45.5	18.5	36.0	11.0	1.13	0.14	0.58	0.69	0.17	1.21	0.05
46	D	N5 	B	203058.47	7322415.76	3556	12	0	4	0	56	3	4	32	28	0	0	2	DSCN7562	0.054	0.074	0.063	0.107	0.106	0.088	0.079	430	623	458	625	888	1247	2.820	3.407	25	0.910	2.0197	3.75	3.45	3.450	51.0	10.0	1.6	7.95	9.5	10.5	22.5	125.5	29.55	155.05	19.0	44.0	13.0	18.0	9.0	8.5	2.5	51.0	12.5	36.5	8.0	1.13	0.16	0.56	0.86	0.16	1.20	0.04
47	D	M4	B	203044.55	7322413.08	2772	13	28	0	16	76	4	8	20	24	0	4	3	DSCN7563	0.054	0.097	0.070	0.114	0.102	0.104	0.082	561	689	488	599	1049	1288	4.687	0.454	73	0.717	2.8240	3.75	3.45	3.450	51.0	10.0	1.6	7.95	9.5	10.5	22.5	125.5	29.55	155.05	19.0	44.0	13.0	18.0	9.0	8.5	2.5	51.0	12.5	36.5	8.0	1.13	0.16	0.56	0.86	0.16	1.20	0.04
48	D	O4	B	203056.24	7322389.55	2284	6	4	0	0	24	3	1	24	0	0	0	3	DSCN7564_2	0.069	0.086	0.077	0.112	0.120	0.097	0.093	496	762	482	704	978	1465	2.563	3.970	22	0.895	2.3617	3.95	3.75	3.650	40.5	8.0	0.8	3.30	6.0	4.5	15.5	84.5	14.55	99.05	14.0	54.0	14.0	15.5	11.5	10.5	3.5	55.0	13.0	32.0	6.0	1.13	0.15	0.56	0.96	0.14	1.16	0.04
49	D	O4	B	203057.28	7322386.19	128	3	0	0	0	60	3	8	40	0	0	0	3	DSCN7565	0.068	0.107	0.083	0.106	0.091	0.106	0.086	618	819	454	532	1072	1351	5.403	0.304	79	0.636	3.5040	3.95	3.75	3.650	40.5	8.0	0.8	3.30	6.0	4.5	15.5	84.5	14.55	99.05	14.0	54.0	14.0	15.5	11.5	10.5	3.5	55.0	13.0	32.0	6.0	1.13	0.15	0.56	0.96	0.14	1.16	0.04
50	D	O5	B	203064.05	7322389.11	664	5	0	0	0	72	6	9	48	4	0	0	1	DSCN7566	0.091	0.170	0.119	0.158	0.127	0.165	0.122	981	1179	677	746	1658	1925	3.665	0.294	79	0.484	2.4612	3.95	3.75	3.650	40.5	8.0	0.8	3.30	6.0	4.5	15.5	84.5	14.55	99.05	14.0	54.0	14.0	15.5	11.5	10.5	3.5	55.0	13.0	32.0	6.0	1.13	0.15	0.56	0.96	0.14	1.16	0.04
51	D	P5	B	203073.97	7322369.4	440	8	4	0	0	76	5	12	52	8	0	0	2	DSCN7567	0.092	0.177	0.122	0.295	0.249	0.227	0.169	1022	1208	1269	1463	2291	2671	3.273	0.392	75	0.538	3.3140	4.35	4.00	4.000	49.5	5.0	0.9	3.80	8.5	5.5	10.5	65.0	18.70	83.70	22.5	38.5	8.0	17.0	12.5	10.5	3.0	51.0	13.0	36.0	9.0	1.13	0.16	0.57	0.87	0.16	1.19	0.04
52	D	O6 	B	203080.25	7322406.96	12216	7	0	0	0	72	4	8	68	20	0	0	2	DSCN7568	0.066	0.090	0.076	0.043	0.043	0.070	0.064	520	751	187	252	707	1003	2.626	3.480	24	0.895	1.8588	3.95	3.75	3.700	44.5	9.0	1.0	4.20	14.5	9.0	13.5	87.0	28.65	115.65	22.0	38.5	10.0	15.0	10.5	10.0	3.0	48.5	16.5	35.0	4.0	1.13	0.14	0.57	0.77	0.16	1.19	0.04
53	D	O6 	B	203091.91	7322393.08	276	12	0	0	0	60	5	7	48	0	0	4	2	DSCN7569	0.078	0.119	0.094	0.133	0.127	0.125	0.106	686	933	570	745	1256	1678	2.581	1.871	40	0.838	2.4182	4.15	3.80	3.800	36.0	8.5	0.7	4.50	6.0	5.5	14.0	71.0	16.70	87.70	19.0	46.5	8.5	15.0	13.0	11.0	4.0	51.5	16.5	32.0	7.0	1.13	0.13	0.57	0.81	0.14	1.17	0.04
54	D	I7	NB	203041.88	7322506.67	468	9	0	0	0	56	5	7	56	4	0	0	8	DSCN7571	0.058	0.105	0.075	0.103	0.092	0.104	0.081	607	744	444	538	1051	1282	4.425	0.465	73	0.703	2.3931	4.00	3.90	3.800	46.0	6.0	1.6	2.25	4.5	4.0	19.0	82.5	12.30	94.80	12.5	61.5	11.0	15.0	9.0	10.0	3.0	48.0	15.0	37.0	2.0	0.99	0.16	0.62	1.02	0.12	1.14	0.05
55	D	I5	NB	203007.64	7322503.99	140	6	0	0	0	28	4	1	24	0	0	0	2	DSCN7539	0.057	0.101	0.073	0.136	0.114	0.116	0.088	585	719	583	671	1168	1390	3.985	0.641	67	0.762	2.2096	4.45	3.90	3.950	35.5	5.5	0.4	1.75	13.5	4.5	9.5	73.0	20.15	93.15	19.5	40.0	17.0	20.0	8.5	9.5	2.5	57.5	9.5	33.0	6.0	1.13	0.16	0.55	1.33	0.13	1.16	0.03
56	D	I3	NB	202974.68	7322484.67	324	8	0	0	0	64	7	1	60	24	4	0	3	DSCN7575	0.065	0.121	0.085	0.182	0.154	0.147	0.111	700	843	781	902	1480	1746	4.200	0.418	74	0.650	2.5760	3.95	3.85	3.850	34.5	3.0	0.9	1.90	3.0	2.0	14.5	75.5	7.80	83.30	9.0	67.5	15.0	20.5	13.0	14.5	2.5	65.5	11.0	23.5	3.0	1.13	0.13	0.56	1.24	0.10	1.11	0.03
57	D	H3	NB	202960.24	7322492.8	256	13	8	0	0	68	2	5	32	0	0	0	2	DSCN7576	0.040	0.069	0.051	0.071	0.063	0.070	0.055	400	501	306	370	706	871	11	0.001	90	0.007	8.9162	3.70	3.80	3.700	30.5	7.5	0.5	1.35	5.5	3.5	22.0	73.0	10.85	83.85	12.0	69.0	19.0	14.5	9.0	9.5	3.5	55.5	11.0	33.5	4.0	1.13	0.16	0.56	0.95	0.15	1.17	0.04
58	D	F4	NB	202966.57	7322530.59	316	15	0	0	0	104	7	15	88	4	0	0	2	DSCN7577	0.058	0.095	0.072	0.119	0.104	0.105	0.084	550	713	512	612	1062	1326	3.05	1.5	46	0.86	1.7750	3.85	3.75	3.650	39.5	10.0	0.9	2.20	9.0	5.0	23.0	87.0	17.10	104.10	14.5	63.0	19.0	16.0	10.0	8.0	2.5	55.5	12.5	32.0	7.0	1.13	0.15	0.56	1.03	0.13	1.16	0.04
59	D	G2	NB	202941.43	7322507.81	672	13	0	0	0	36	3	2	28	8	0	0	3	DSCN7578	0.047	0.078	0.058	0.099	0.086	0.087	0.069	448	576	426	506	874	1083	3.348	1.482	46	0.879	1.6132	3.80	3.60	3.550	51.0	25.0	1.2	4.60	18.0	12.0	29.5	132.5	35.75	168.25	19.0	50.5	12.0	13.0	11.0	10.0	3.0	49.0	16.5	34.5	5.5	1.13	0.14	0.57	0.78	0.16	1.19	0.04
60	D	F4	NB	202959.56	7322534.07	332	10	12	0	0	56	3	7	56	0	0	0	2	DSCN7579_2	0.062	0.110	0.079	0.057	0.050	0.087	0.068	634	783	244	295	878	1079	3.802	0.651	66	0.750	2.7743	3.95	3.75	3.700	47.5	8.5	0.8	1.95	7.5	5.0	24.5	78.0	15.20	93.20	14.5	64.5	19.0	20.0	9.5	9.5	3.5	61.5	10.0	28.5	7.0	1.13	0.15	0.55	1.20	0.12	1.14	0.03
61	D	E4	NB	202943.65	7322558.68	592	10	0	0	0	24	2	3	16	0	0	0	2	DSCN7580_2	0.058	0.085	0.069	0.090	0.085	0.087	0.075	491	682	387	496	879	1178	2.84	2.31	34	0.89	1.7740	3.85	3.85	3.850	37.5	6.0	0.4	1.75	3.0	2.0	21.0	70.5	7.15	77.65	8.5	76.5	16.5	18.5	9.5	9.5	3.0	57.0	12.0	31.0	4.0	1.13	0.15	0.56	1.03	0.13	1.15	0.04
