col_parc	period	plot	site	x	y	seeds	seedsp	euterpe	sloanea	virola	seedl	seedlsp	seedlsurv	eut.seedl	slo.seedl	vir.seedl	nivel	pH_H2O	pH_KCl	pH_Cacl2	MO	P	Na	K	Ca	Mg	Al	H+Al	SB	T	Vpct	mpct	vcs	cs	ms	fs	vfs	sandpct	siltpct	claypct	natclay	dens_gcm3	phi_r	phi_s	alfa	m	n	S
1	M	A0	B	202821.40	7322584.00	48	11	7	0	0	8	3	2	6	0	0	5	4.05	3.80	3.70	30.0	7.5	0.70	2.30	12.0	5.5	19.5	83.5	20.50	104.00	18.0	52.0	15.0	16.0	8.0	9.0	2.0	50.0	12.0	38.0	3.0	1.13	0.17	0.56	0.86	0.17	1.21	0.04
2	M	A2	NB	202867.90	7322608.27	48	11	0	0	0	2	2	1	0	0	0	6	4.75	4.25	4.35	31.5	11.0	1.25	3.75	54.0	16.0	5.0	78.5	75.00	153.50	45.5	9.0	17.5	14.5	8.0	11.5	3.5	55.0	12.0	33.0	19.0	1.13	0.15	0.56	0.95	0.15	1.17	0.04
3	M	D0	NB	202863.00	7322533.00	43	11	2	6	0	2	1	2	0	0	0	4	3.90	3.85	3.80	31.5	7.5	0.65	2.20	12.0	5.5	27.5	98.0	20.35	118.35	15.5	61.5	11.0	13.0	9.5	9.0	2.0	44.5	19.0	36.5	4.5	1.13	0.13	0.57	0.70	0.17	1.21	0.05
4	M	D1	NB	202885.07	7322531.48	250	21	1	1	0	2	2	1	0	0	0	5	3.95	3.70	3.70	25.5	15.5	0.85	2.35	2.5	4.5	29.5	113.0	10.20	123.20	11.0	68.5	9.5	12.5	10.0	13.5	3.5	49.0	13.5	37.5	3.0	1.13	0.16	0.57	0.75	0.16	1.20	0.04
5	M	D2	NB	202900.03	7322558.16	347	21	0	8	0	12	9	12	0	0	0	1	3.85	3.75	3.65	36.0	14.5	0.95	3.10	6.5	6.5	26.0	107.0	17.05	124.05	12.5	63.5	12.5	12.5	10.5	11.0	2.5	49.0	17.5	33.5	4.5	1.13	0.13	0.57	0.78	0.15	1.18	0.04
6	M	D0	NB	202874.42	7322521.66	21	10	0	2	0	10	8	7	0	0	0	4	3.90	3.80	3.80	55.0	6.5	1.10	3.00	3.0	3.5	25.0	97.5	10.60	108.10	9.0	73.0	15.0	14.0	10.0	10.5	3.0	52.5	12.5	35.0	3.0	1.13	0.16	0.56	0.87	0.15	1.19	0.04
7	M	K4	B	203008.86	7322455.54	36	8	7	0	0	15	5	12	7	0	1	3	3.85	3.85	3.85	37.5	6.0	0.40	1.75	3.0	2.0	21.0	70.5	7.15	77.65	8.5	76.5	16.5	18.5	9.5	9.5	3.0	57.0	12.0	31.0	4.0	1.13	0.15	0.56	1.03	0.13	1.15	0.04
8	M	K3	B	202998.09	7322442.03	34	9	5	0	3	5	1	3	5	0	0	4	3.75	3.70	3.75	47.5	23.5	1.50	3.85	28.5	5.5	23.5	116.5	39.35	155.85	23.0	44.5	17.0	16.5	10.5	9.5	3.0	56.5	14.5	29.0	7.0	1.13	0.13	0.57	1.04	0.11	1.13	0.03
9	M	K3	B	202990.83	7322433.55	121	15	6	0	0	15	3	14	13	0	0	4	4.00	3.55	3.60	62.5	25.5	0.80	2.95	16.5	10.0	24.0	118.5	30.25	148.75	18.5	51.0	9.0	17.0	12.0	10.0	2.5	50.5	7.5	42.0	8.5	1.13	0.19	0.55	0.79	0.19	1.24	0.04
10	M	L4	B	203022.22	7322437.62	322	12	12	0	0	19	2	13	18	0	0	3	3.70	3.65	3.60	38.5	10.5	0.95	2.50	4.5	5.5	23.5	103.5	13.45	116.95	10.5	66.5	10.5	15.5	8.0	6.5	2.0	42.5	12.0	45.5	1.0	1.13	0.18	0.55	0.67	0.21	1.28	0.05
11	M	L3	B	203011.22	7322431.98	7	3	4	0	0	6	3	5	4	0	0	3	3.70	3.65	3.60	38.5	10.5	0.95	2.50	4.5	5.5	23.5	103.5	13.45	116.95	10.5	66.5	10.5	15.5	8.0	6.5	2.0	42.5	12.0	45.5	1.0	1.13	0.18	0.55	0.67	0.21	1.28	0.05
12	M	M3	B	203020.32	7322416.44	114	13	57	0	1	17	1	17	17	0	0	2	4.30	3.90	3.90	38.5	13.0	0.90	3.40	13.0	7.5	15.5	81.5	24.80	106.30	20.0	48.0	9.0	17.0	10.5	8.0	3.5	48.0	13.5	38.5	2.0	1.13	0.16	0.56	0.77	0.18	1.22	0.04
13	M	M4	B	203038.50	7322416.90	469	8	448	0	0	63	3	34	61	0	1	3	3.75	3.70	3.60	41.0	7.0	0.40	1.60	3.5	4.5	25.5	81.0	10.00	91.00	10.5	73.5	10.0	12.0	7.0	5.5	2.5	37.0	12.5	50.5	1.0	1.13	0.19	0.56	0.58	0.24	1.32	0.05
14	M	N5	B	203051.02	7322415.12	753	16	94	0	4	5	1	1	5	0	0	2	3.75	3.45	3.45	51.0	10.0	1.60	7.95	9.5	10.5	22.5	125.5	29.55	155.05	19.0	44.0	13.0	18.0	9.0	8.5	2.5	51.0	12.5	36.5	8.0	1.13	0.16	0.56	0.86	0.16	1.20	0.04
15	M	N3	B	203024.85	7322400.24	124	7	75	0	0	12	1	11	12	0	0	3	3.80	3.60	3.50	56.0	7.0	0.85	2.70	4.0	3.5	21.5	96.0	11.05	107.05	10.0	67.5	15.5	16.5	8.5	8.5	1.0	50.0	14.0	36.0	7.0	1.13	0.15	0.56	0.88	0.16	1.19	0.04
16	M	N6	NB	203075.34	7322423.03	320	23	17	0	12	7	4	4	2	0	1	2	4.65	3.95	4.00	43.5	8.0	1.25	2.80	31.5	9.0	9.5	86.0	44.55	130.55	33.0	20.5	9.0	13.5	9.5	11.5	2.0	45.5	18.5	36.0	11.0	1.13	0.14	0.58	0.69	0.17	1.21	0.05
17	M	M5	B	203054.47	7322423.16	27	3	9	0	0	16	4	11	12	0	0	4	3.75	3.45	3.45	51.0	10.0	1.60	7.95	9.5	10.5	22.5	125.5	29.55	155.05	19.0	44.0	13.0	18.0	9.0	8.5	2.5	51.0	12.5	36.5	8.0	1.13	0.16	0.56	0.86	0.16	1.20	0.04
18	M	M5	B	203059.50	7322432.62	204	11	181	0	0	27	3	14	25	0	0	4	3.90	3.70	3.70	48.5	12.5	1.05	3.45	4.5	6.0	24.5	88.0	15.00	103.00	13.0	67.0	11.0	9.5	6.5	7.0	2.0	36.0	15.5	48.5	6.5	1.13	0.18	0.57	0.57	0.23	1.30	0.06
19	M	L5	B	203050.48	7322443.88	243	14	206	0	1	45	4	22	42	0	0	3	3.90	3.70	3.70	48.5	12.5	1.05	3.45	4.5	6.0	24.5	88.0	15.00	103.00	13.0	67.0	11.0	9.5	6.5	7.0	2.0	36.0	15.5	48.5	6.5	1.13	0.18	0.57	0.57	0.23	1.30	0.06
20	M	K5	B	203025.66	7322460.79	23	10	6	0	0	5	3	3	2	0	0	1	3.80	3.75	3.65	47.0	13.5	1.30	2.65	6.0	6.0	23.0	103.5	15.95	119.45	12.0	63.0	17.0	16.5	8.0	10.5	2.5	54.5	12.5	33.0	0.0	1.28	0.15	0.51	0.66	0.20	1.24	0.04
21	M	K5	B	203031.00	7322447.00	388	10	56	0	0	77	4	61	74	0	1	1	3.65	3.45	3.45	57.5	26.5	1.60	3.95	18.0	11.5	32.0	146.0	35.05	181.05	18.0	51.5	9.0	12.0	8.5	8.5	2.5	40.5	14.0	45.5	6.5	1.13	0.18	0.57	0.64	0.21	1.27	0.05
22	M	K5	B	203033.33	7322453.50	28	6	21	0	0	51	2	39	50	0	0	1	3.65	3.45	3.45	57.5	26.5	1.60	3.95	18.0	11.5	32.0	146.0	35.05	181.05	18.0	51.5	9.0	12.0	8.5	8.5	2.5	40.5	14.0	45.5	6.5	1.13	0.18	0.57	0.64	0.21	1.27	0.05
23	M	E6	B	202987.62	7322576.01	32	13	3	0	0	9	3	5	7	0	0	3	4.00	3.80	3.80	46.0	7.5	0.80	2.00	12.5	5.0	16.5	66.0	20.30	86.30	21.0	50.5	17.0	15.5	9.0	9.0	2.5	53.0	12.0	35.0	16.0	1.13	0.16	0.56	0.93	0.15	1.19	0.04
24	M	E8	B	203012.51	7322592.44	30	12	0	0	0	5	5	4	1	0	0	3	3.95	3.75	3.70	50.0	8.5	1.35	2.85	13.5	7.5	13.0	58.5	25.20	83.70	26.0	44.0	23.0	14.5	6.5	6.5	1.5	52.0	11.0	37.0	14.0	1.13	0.17	0.55	0.99	0.16	1.20	0.04
25	M	E9	B	203032.21	7322604.79	61	13	2	0	1	5	5	2	1	0	0	4	3.65	3.65	3.55	49.5	5.5	0.85	2.35	8.0	6.5	23.5	75.0	17.70	92.70	17.5	60.0	21.0	13.5	6.0	6.0	1.5	48.0	7.5	44.5	10.0	1.13	0.20	0.54	0.80	0.21	1.27	0.05
26	M	E7 	B	203000.11	7322584.14	143	12	10	0	0	8	3	6	6	0	0	2	3.90	3.80	3.80	35.5	5.5	0.85	2.40	7.5	6.5	13.5	63.0	17.25	80.25	21.5	44.0	18.5	18.0	9.0	7.5	2.0	55.0	7.0	38.0	17.0	1.13	0.18	0.54	0.98	0.18	1.21	0.04
27	M	D9	B	203023.48	7322628.63	23	6	15	1	0	11	5	10	7	0	0	4	3.85	3.75	3.65	31.5	11.5	1.20	2.35	2.0	5.5	27.0	97.5	11.05	108.55	9.5	72.5	14.0	12.5	9.5	8.5	3.0	47.5	6.5	46.0	6.5	1.13	0.20	0.55	0.75	0.21	1.26	0.04
28	M	E9	B	203045.17	7322600.25	44	10	16	0	0	33	5	18	28	0	0	4	3.75	3.65	3.55	43.5	11.5	1.10	2.50	4.5	6.0	23.5	80.0	14.10	94.10	14.0	64.5	17.0	11.0	6.0	5.0	2.0	41.0	16.0	43.0	6.0	1.13	0.16	0.56	0.69	0.20	1.26	0.05
29	M	F9	B	203053.48	7322584.95	10	5	1	0	0	7	2	0	1	0	0	4	3.85	3.65	3.65	44.5	15.0	1.35	7.90	17.0	13.5	21.5	97.5	39.75	137.25	25.5	43.0	17.5	15.0	8.0	6.0	1.5	48.0	9.5	42.5	10.5	1.13	0.19	0.54	0.79	0.20	1.25	0.05
30	M	H9	B	203063.46	7322575.20	50	10	17	0	1	18	7	17	8	0	0	3	3.85	3.65	3.65	44.5	15.0	1.35	7.90	17.0	13.5	21.5	97.5	39.75	137.25	25.5	43.0	17.5	15.0	8.0	6.0	1.5	48.0	9.5	42.5	10.5	1.13	0.19	0.54	0.79	0.20	1.25	0.05
31	M	G9	B	203055.54	7322567.03	335	7	3	0	3	7	6	5	0	0	0	2	4.05	3.70	3.75	51.0	25.5	1.50	2.35	45.0	14.5	17.5	125.0	63.35	188.35	31.5	25.5	16.0	15.0	9.0	5.5	2.0	47.5	15.5	37.0	10.5	1.13	0.15	0.56	0.84	0.17	1.21	0.04
32	M	H10	B	203076.67	7322561.45	59	15	6	0	0	8	3	8	5	0	0	1	3.50	3.50	3.40	33.0	17.0	1.40	5.30	11.0	9.0	26.0	106.0	26.70	132.70	20.0	49.0	8.0	14.0	12.0	8.0	1.0	43.0	11.0	46.0	4.0	0.99	0.19	0.60	0.90	0.18	1.22	0.05
33	M	H9 	B	203056.44	7322557.99	8	7	0	0	0	8	6	5	2	0	0	3	3.65	3.60	3.55	41.0	10.5	0.95	2.95	14.5	8.5	26.5	89.5	26.90	116.40	21.0	55.0	14.0	13.0	6.5	5.0	2.0	40.5	12.5	47.0	3.0	1.13	0.19	0.55	0.66	0.22	1.29	0.05
34	M	H11 	B	203103.06	7322557.12	13	6	0	0	0	8	8	6	0	1	1	2	4.30	3.40	3.50	46.0	29.0	1.10	5.00	8.0	10.0	17.0	143.0	24.10	167.10	14.0	41.0	10.0	15.0	12.0	8.0	2.0	47.0	17.0	36.0	19.0	0.99	0.15	0.62	1.06	0.12	1.14	0.04
35	M	C13	B	203075.61	7322684.87	28	16	6	0	0	12	11	10	2	0	0	4	3.85	3.70	3.70	26.5	8.5	0.70	2.95	20.0	7.5	21.0	92.0	31.15	123.15	21.5	49.0	15.5	14.5	6.0	6.0	1.5	43.5	15.5	41.0	9.5	1.13	0.16	0.56	0.75	0.19	1.24	0.05
36	M	C15	B	203125.12	7322696.90	32	6	25	0	0	25	3	11	22	0	0	3	3.90	3.75	3.70	21.0	8.5	0.70	1.85	5.5	3.5	24.0	84.5	11.55	96.05	11.0	70.0	16.0	12.5	6.0	6.0	2.5	43.0	13.5	43.5	8.5	1.13	0.17	0.56	0.68	0.21	1.26	0.05
37	M	C0 	NB	202865.91	7322543.33	64	13	4	0	0	9	6	8	2	0	0	5	3.90	3.85	3.80	31.5	7.5	0.65	2.20	12.0	5.5	27.5	98.0	20.35	118.35	15.5	61.5	11.0	13.0	9.5	9.0	2.0	44.5	19.0	36.5	4.5	1.13	0.13	0.57	0.70	0.17	1.21	0.05
38	M	F0	B	202891.27	7322493.17	50	7	0	0	0	9	8	9	2	0	1	2	4.10	3.95	4.00	51.0	11.5	1.35	2.70	23.5	9.5	10.0	58.0	37.05	95.05	34.5	29.0	24.0	16.5	9.0	9.0	2.5	61.0	10.5	28.5	11.0	1.13	0.15	0.55	1.25	0.11	1.12	0.03
39	M	F1	B	202906.84	7322504.91	37	9	1	0	0	7	5	7	0	0	0	3	3.80	3.75	3.70	56.5	9.5	1.15	2.80	8.0	4.0	26.0	86.5	15.95	102.45	15.0	64.0	18.0	14.5	8.0	9.5	3.5	53.5	8.5	38.0	6.0	1.13	0.18	0.55	0.94	0.17	1.21	0.04
40	M	G0	B	202894.84	7322480.49	47	13	8	0	0	7	4	7	4	0	0	2	4.00	3.75	3.70	39.5	16.5	1.55	4.50	19.5	11.0	19.5	91.5	36.55	128.05	21.5	51.5	11.0	10.0	8.0	9.0	3.0	41.0	16.0	43.0	6.5	1.13	0.16	0.57	0.63	0.20	1.25	0.05
41	M	H1	B	202932.26	7322475.40	17	6	1	0	0	5	1	4	5	0	0	3	3.85	3.80	3.70	37.0	12.5	0.90	4.25	9.5	5.5	16.5	78.5	20.15	98.65	19.5	46.5	15.5	15.5	9.5	10.0	3.0	53.5	15.5	31.0	4.0	1.13	0.14	0.57	0.93	0.13	1.15	0.04
42	M	H1	B	202935.91	7322468.38	12	7	0	0	0	1	1	1	0	0	0	3	4.15	3.85	3.95	32.0	10.5	0.95	4.90	29.0	11.5	12.0	107.0	46.35	153.35	27.0	28.5	14.0	10.5	13.0	13.0	4.5	55.0	16.0	29.0	6.0	1.13	0.13	0.58	0.85	0.13	1.15	0.04
43	M	I1	B	202929.99	7322457.68	51	10	1	0	0	1	1	1	0	0	0	2	4.15	3.85	3.95	32.0	10.5	0.95	4.90	29.0	11.5	12.0	107.0	46.35	153.35	27.0	28.5	14.0	10.5	13.0	13.0	4.5	55.0	16.0	29.0	6.0	1.13	0.13	0.58	0.85	0.13	1.15	0.04
44	M	D3	NB	202914.76	7322565.30	128	14	2	20	0	3	3	3	0	0	0	1	3.85	3.70	3.65	42.0	15.0	1.10	2.65	8.0	7.0	28.0	130.5	18.75	149.25	11.0	64.5	11.0	12.5	11.5	11.0	3.5	49.5	16.5	34.0	6.5	1.13	0.14	0.57	0.78	0.15	1.18	0.04
45	M	E4	NB	202945.99	7322559.63	71	14	19	0	0	3	3	2	1	0	0	2	3.85	3.85	3.85	37.5	6.0	0.40	1.75	3.0	2.0	21.0	70.5	7.15	77.65	8.5	76.5	16.5	18.5	9.5	9.5	3.0	57.0	12.0	31.0	4.0	1.13	0.15	0.56	1.03	0.13	1.15	0.04
46	M	F4	NB	202953.28	7322536.35	69	14	4	0	0	4	4	4	0	0	0	2	3.95	3.75	3.70	47.5	8.5	0.75	1.95	7.5	5.0	24.5	78.0	15.20	93.20	14.5	64.5	19.0	20.0	9.5	9.5	3.5	61.5	10.0	28.5	7.0	1.13	0.15	0.55	1.20	0.12	1.14	0.03
47	M	H3	B	202956.62	7322501.21	12	5	0	0	0	4	4	4	1	0	0	2	3.70	3.80	3.70	30.5	7.5	0.50	1.35	5.5	3.5	22.0	73.0	10.85	83.85	12.0	69.0	19.0	14.5	9.0	9.5	3.5	55.5	11.0	33.5	4.0	1.13	0.16	0.56	0.95	0.15	1.17	0.04
48	M	G2	B	202940.25	7322510.14	480	14	3	0	0	4	4	4	1	0	0	3	3.80	3.60	3.55	51.0	25.0	1.15	4.60	18.0	12.0	29.5	132.5	35.75	168.25	19.0	50.5	12.0	13.0	11.0	10.0	3.0	49.0	16.5	34.5	5.5	1.13	0.14	0.57	0.78	0.16	1.19	0.04
49	M	H0	B	202904.93	7322466.49	123	23	3	0	0	14	7	9	6	0	1	3	3.80	3.60	3.55	55.0	19.5	1.50	5.25	24.5	14.0	20.0	66.0	45.25	111.25	39.0	38.5	13.0	11.5	9.5	13.0	3.5	50.5	17.0	32.5	3.0	1.13	0.13	0.57	0.78	0.15	1.18	0.05
50	M	K2	B	202977.81	7322432.47	68	10	1	0	0	6	2	4	4	0	0	2	4.20	3.90	3.95	34.5	10.5	0.65	3.55	31.0	10.0	8.5	78.0	45.20	123.20	33.5	23.0	16.5	16.5	7.5	9.0	1.5	51.0	14.5	34.5	7.5	1.13	0.15	0.56	0.89	0.15	1.18	0.04
51	M	J1	NB	202952.80	7322434.42	90	15	4	0	0	4	2	3	0	0	0	2	3.95	3.75	3.65	28.0	9.5	0.85	2.10	4.5	5.0	18.5	93.0	12.45	105.45	10.5	64.5	14.5	13.5	6.0	7.0	2.5	43.5	14.0	42.5	0.0	1.13	0.17	0.56	0.72	0.20	1.25	0.05
52	M	A6	NB	202938.30	7322647.04	24	9	0	0	0	0	0	0	0	0	0	9	3.85	3.90	3.75	39.5	5.0	0.60	1.90	3.0	2.0	18.0	73.5	7.50	81.00	9.0	72.5	22.5	20.0	10.0	11.0	3.0	66.5	13.5	20.0	2.0	1.13	0.11	0.57	1.74	0.04	1.05	NA
53	M	A7	NB	202960.40	7322661.32	184	17	8	0	0	7	5	6	3	0	0	8	3.80	3.75	3.60	40.5	11.5	0.70	1.65	6.0	1.5	20.5	90.0	9.85	99.85	9.5	69.0	20.5	17.0	7.0	9.0	3.0	56.5	14.0	29.5	2.0	1.13	0.14	0.56	1.07	0.12	1.14	0.03
54	M	B6	NB	202947.02	7322632.21	63	17	2	1	0	6	6	6	0	0	0	7	3.85	3.85	3.70	42.0	8.0	0.35	1.85	4.5	2.5	22.0	90.0	9.20	99.20	8.0	74.0	14.5	18.0	9.0	11.5	3.5	56.5	13.0	30.5	3.0	1.13	0.14	0.57	0.96	0.13	1.16	0.04
55	M	B7	NB	202974.14	7322628.50	70	15	1	0	0	12	3	11	0	0	0	9	3.85	3.80	3.75	44.0	12.5	0.55	1.90	6.0	2.5	24.0	86.5	10.95	97.45	10.0	72.5	17.0	15.5	10.0	12.0	4.0	58.5	16.5	25.0	1.0	1.13	0.12	0.58	1.02	0.10	1.12	0.03
56	M	D6	NB	202978.41	7322599.19	256	17	0	0	0	7	5	4	1	0	0	2	4.00	3.90	3.85	29.5	6.0	0.65	1.75	10.0	3.5	14.5	76.0	15.90	91.90	16.0	51.5	17.5	21.0	12.0	10.5	3.0	64.0	11.0	25.0	8.0	1.13	0.14	0.56	1.37	0.09	1.10	0.03
57	M	D7	NB	202988.62	7322591.57	61	16	4	0	0	34	8	19	4	0	0	3	3.90	3.80	3.80	35.5	5.5	0.85	2.40	7.5	6.5	13.5	63.0	17.25	80.25	21.5	44.0	18.5	18.0	9.0	7.5	2.0	55.0	7.0	38.0	17.0	1.13	0.18	0.54	0.98	0.18	1.21	0.04
58	M	A10	NB	203017.28	7322678.74	761	17	1	0	0	5	3	5	1	0	0	5	3.70	3.80	3.65	26.5	10.0	0.25	1.40	1.5	1.5	21.5	81.0	4.65	85.65	5.5	83.0	17.5	16.5	10.5	10.0	2.5	57.0	14.0	29.0	2.0	1.13	0.14	0.56	1.15	0.11	1.13	0.03
59	M	B10	NB	203024.12	7322675.74	40	15	1	0	0	6	5	4	0	1	0	4	3.70	3.65	3.60	31.5	5.5	0.35	1.50	2.5	2.0	24.5	90.5	6.35	96.85	6.5	80.5	16.0	15.0	10.5	10.5	3.5	55.5	16.0	28.5	4.0	1.13	0.13	0.57	1.09	0.11	1.13	0.03
60	M	C10	NB	203034.57	7322656.70	36	9	8	0	0	10	4	8	5	0	0	5	3.95	3.85	3.70	43.0	7.5	0.75	2.25	2.5	4.5	24.0	94.0	10.00	104.00	9.0	73.0	16.0	13.0	7.5	8.0	2.0	46.5	12.0	41.5	1.0	1.13	0.18	0.56	0.76	0.19	1.24	0.05
61	M	A4	NB	202911.03	7322616.55	197	13	2	0	0	2	2	1	0	0	0	6	3.95	3.80	3.75	45.5	12.0	0.85	2.30	12.0	5.5	18.0	87.5	20.65	108.15	16.5	54.5	15.5	16.5	8.5	10.5	3.0	54.0	14.5	31.5	5.5	1.13	0.14	0.57	0.91	0.14	1.16	0.04
62	M	C2	NB	202889.96	7322572.52	45	16	4	0	0	11	7	8	2	0	0	5	4.05	3.90	3.95	40.0	7.5	0.45	3.35	11.0	5.0	15.0	72.5	19.80	92.30	18.5	50.5	16.5	15.0	9.5	11.0	4.0	56.0	16.0	28.0	2.0	1.13	0.13	0.57	0.99	0.12	1.14	0.03
63	M	H4	NB	202978.17	7322493.20	23	13	2	0	0	5	5	5	1	0	0	2	3.95	3.85	3.85	34.5	3.0	0.90	1.90	3.0	2.0	14.5	75.5	7.80	83.30	9.0	67.5	15.0	20.5	13.0	14.5	2.5	65.5	11.0	23.5	3.0	1.13	0.13	0.56	1.24	0.10	1.11	0.03
64	M	J3	NB	202986.02	7322465.70	127	20	7	0	0	8	4	4	1	0	0	3	4.05	3.75	3.85	57.5	12.5	0.50	1.80	36.0	6.0	11.0	115.5	44.30	159.80	28.0	19.0	12.0	20.5	12.5	12.5	3.5	61.0	12.5	26.5	13.0	1.13	0.14	0.57	1.08	0.11	1.13	0.03
65	M	J4	NB	203004.37	7322464.51	88	20	18	0	0	14	7	9	0	0	0	3	4.50	4.00	4.00	38.0	3.5	0.80	2.45	6.0	6.5	12.5	70.5	15.75	86.25	16.0	51.5	11.5	16.5	7.5	9.5	2.0	47.0	14.5	38.5	1.0	1.28	0.15	0.51	0.53	0.22	1.29	0.04
66	M	K7	NB	203060.84	7322491.14	61	8	6	0	1	3	2	2	2	0	0	2	3.80	3.55	3.50	42.5	15.5	1.00	3.70	8.0	5.5	26.0	125.5	18.20	143.70	11.5	63.0	15.0	18.0	8.0	11.5	2.5	55.0	19.0	26.0	0.0	1.28	0.10	0.53	0.68	0.16	1.19	0.04
67	M	J6	NB	203039.20	7322496.41	49	13	4	0	0	10	7	10	4	0	0	4	4.00	3.90	3.80	46.0	6.0	1.55	2.25	4.5	4.0	19.0	82.5	12.30	94.80	12.5	61.5	11.0	15.0	9.0	10.0	3.0	48.0	15.0	37.0	2.0	0.99	0.16	0.62	1.02	0.12	1.14	0.05
68	M	E2	NB	202922.80	7322530.32	65	12	3	0	0	3	3	3	0	0	0	2	3.70	3.70	3.60	31.0	22.0	2.00	4.50	14.0	9.0	26.0	96.0	29.50	125.50	24.0	47.0	12.0	19.0	13.0	13.0	3.0	60.0	13.0	27.0	8.0	0.99	0.14	0.62	1.40	0.07	1.07	0.03
69	M	F4	NB	202963.08	7322527.66	62	14	3	0	0	12	8	9	2	0	0	2	3.85	3.75	3.65	39.5	10.0	0.90	2.20	9.0	5.0	23.0	87.0	17.10	104.10	14.5	63.0	19.0	16.0	10.0	8.0	2.5	55.5	12.5	32.0	7.0	1.13	0.15	0.56	1.03	0.13	1.16	0.04
70	M	H4	NB	202972.31	7322503.68	69	18	1	1	0	5	5	5	1	0	0	2	3.60	3.70	3.60	53.5	17.0	0.90	2.65	19.0	8.5	26.5	92.5	31.05	123.55	23.5	55.0	12.0	13.0	9.5	11.0	2.5	48.0	14.0	38.0	3.0	1.13	0.16	0.57	0.76	0.17	1.21	0.04
71	M	I5	NB	203009.45	7322497.49	20	8	1	0	0	10	7	9	1	0	0	2	4.45	3.90	3.95	35.5	5.5	0.40	1.75	13.5	4.5	9.5	73.0	20.15	93.15	19.5	40.0	17.0	20.0	8.5	9.5	2.5	57.5	9.5	33.0	6.0	1.13	0.16	0.55	1.33	0.13	1.16	0.03
72	M	H6	NB	203013.52	7322531.96	24	8	13	0	0	26	2	25	25	0	0	3	3.75	3.75	3.70	38.5	6.5	0.50	1.70	5.0	3.5	19.0	66.0	10.70	76.70	13.0	66.0	14.0	20.0	11.0	9.0	4.0	58.0	12.0	30.0	4.0	1.13	0.15	0.56	1.10	0.12	1.15	0.03
73	M	G6	NB	203004.84	7322532.21	29	10	4	0	0	4	2	4	0	0	0	3	3.75	3.75	3.70	38.5	6.5	0.50	1.70	5.0	3.5	19.0	66.0	10.70	76.70	13.0	66.0	14.0	20.0	11.0	9.0	4.0	58.0	12.0	30.0	4.0	1.13	0.15	0.56	1.10	0.12	1.15	0.03
74	M	C4	NB	202924.64	7322584.93	57	9	4	0	0	3	3	3	1	0	0	6	4.20	3.90	4.00	44.5	11.5	0.75	1.90	48.5	5.5	8.0	77.0	56.65	133.65	41.0	13.5	13.0	15.5	10.0	12.0	3.5	54.0	16.5	29.5	6.0	1.13	0.13	0.58	0.87	0.13	1.16	0.04
75	M	C5	NB	202938.94	7322597.43	4284	15	5	0	1	8	7	8	1	0	0	9	4.00	3.90	3.85	40.5	7.0	0.85	2.50	5.5	4.5	20.5	86.5	13.35	99.85	12.0	64.5	20.0	13.0	8.0	9.5	3.5	54.0	13.0	33.0	1.0	1.13	0.15	0.56	0.99	0.14	1.17	0.04
76	M	B3	NB	202907.57	7322590.75	90	18	18	0	0	14	5	10	2	0	0	9	4.30	4.10	4.20	41.0	25.0	1.40	6.10	86.0	18.0	4.0	88.0	111.50	199.50	56.0	3.0	7.0	9.0	12.0	14.0	4.0	46.0	26.0	28.0	6.0	0.99	0.09	0.65	0.83	0.11	1.12	0.05
77	M	D5	NB	202966.35	7322576.54	1589	8	1	0	0	16	8	12	1	0	0	2	4.00	3.80	3.80	46.0	7.5	0.80	2.00	12.5	5.0	16.5	66.0	20.30	86.30	21.0	50.5	17.0	15.5	9.0	9.0	2.5	53.0	12.0	35.0	16.0	1.13	0.16	0.56	0.93	0.15	1.19	0.04
78	M	B4	NB	202915.77	7322608.90	2179	11	17	0	0	15	4	13	12	0	0	8	3.95	3.80	3.75	45.5	12.0	0.85	2.30	12.0	5.5	18.0	87.5	20.65	108.15	16.5	54.5	15.5	16.5	8.5	10.5	3.0	54.0	14.5	31.5	5.5	1.13	0.14	0.57	0.91	0.14	1.16	0.04
79	M	D2	NB	202908.37	7322546.49	127	22	0	0	0	3	2	1	0	0	0	1	3.95	3.80	3.85	34.5	11.0	1.40	3.95	17.0	10.5	17.5	73.5	32.85	106.35	30.0	35.5	17.0	16.5	9.0	9.5	3.0	55.0	13.0	32.0	7.0	1.13	0.15	0.56	0.99	0.14	1.16	0.04
80	M	E0	NB	202876.04	7322506.40	23	6	4	0	0	13	4	10	8	0	0	3	3.90	3.80	3.80	55.0	6.5	1.10	3.00	3.0	3.5	25.0	97.5	10.60	108.10	9.0	73.0	15.0	14.0	10.0	10.5	3.0	52.5	12.5	35.0	3.0	1.13	0.16	0.56	0.87	0.15	1.19	0.04
